Time | surface energy | strain energy
  0.00000000e+00   0.00000000e+00  6.92929437e-310
  1.00000000e-07   0.00000000e+00  6.92929437e-310
  2.00000000e-07   0.00000000e+00  6.92929437e-310
  4.00000000e-07   0.00000000e+00  6.92929437e-310
  5.00000000e-07   0.00000000e+00  6.92929437e-310
  6.00000000e-07   0.00000000e+00  6.92929437e-310
  8.00000000e-07   0.00000000e+00  6.92929437e-310
  9.00000000e-07   0.00000000e+00  6.92929437e-310
  1.00000000e-06   0.00000000e+00  6.92929437e-310
  1.20000000e-06   0.00000000e+00  6.92929437e-310
  1.30000000e-06   0.00000000e+00  6.92929437e-310
  1.40000000e-06   0.00000000e+00  6.92929437e-310
  1.60000000e-06   0.00000000e+00  6.92929437e-310
  1.70000000e-06   0.00000000e+00  6.92929437e-310
  1.80000000e-06   0.00000000e+00  6.92929437e-310
  2.00000000e-06   0.00000000e+00  6.92929437e-310
  2.10000000e-06   0.00000000e+00  6.92929437e-310
  2.20000000e-06   0.00000000e+00  6.92929437e-310
  2.40000000e-06   0.00000000e+00  6.92929437e-310
  2.50000000e-06   0.00000000e+00  6.92929437e-310
  2.60000000e-06   0.00000000e+00  6.92929437e-310
  2.80000000e-06   0.00000000e+00  6.92929437e-310
  2.90000000e-06   0.00000000e+00  6.92929437e-310
  3.00000000e-06   0.00000000e+00  6.92929437e-310
  3.20000000e-06   0.00000000e+00  6.92929437e-310
  3.30000000e-06   0.00000000e+00  6.92929437e-310
  3.40000000e-06   0.00000000e+00  6.92929437e-310
  3.60000000e-06   0.00000000e+00  6.92929437e-310
  3.70000000e-06   0.00000000e+00  6.92929437e-310
  3.80000000e-06   0.00000000e+00  6.92929437e-310
  4.00000000e-06   0.00000000e+00  6.92929437e-310
  4.10000000e-06   0.00000000e+00  6.92929437e-310
  4.20000000e-06   0.00000000e+00  6.92929437e-310
  4.40000000e-06   0.00000000e+00  6.92929437e-310
  4.50000000e-06   0.00000000e+00  6.92929437e-310
  4.60000000e-06   0.00000000e+00  6.92929437e-310
  4.80000000e-06   0.00000000e+00  6.92929437e-310
  4.90000000e-06   0.00000000e+00  6.92929437e-310
  5.00000000e-06   0.00000000e+00  6.92929437e-310
  5.20000000e-06   0.00000000e+00  6.92929437e-310
  5.30000000e-06   0.00000000e+00  6.92929437e-310
  5.40000000e-06   0.00000000e+00  6.92929437e-310
  5.60000000e-06   0.00000000e+00  6.92929437e-310
  5.70000000e-06   0.00000000e+00  6.92929437e-310
  5.80000000e-06   0.00000000e+00  6.92929437e-310
  6.00000000e-06   0.00000000e+00  6.92929437e-310
  6.10000000e-06   0.00000000e+00  6.92929437e-310
  6.20000000e-06   0.00000000e+00  6.92929437e-310
  6.40000000e-06   0.00000000e+00  6.92929437e-310
  6.50000000e-06   0.00000000e+00  6.92929437e-310
  6.60000000e-06   0.00000000e+00  6.92929437e-310
  6.80000000e-06   0.00000000e+00  6.92929437e-310
  6.90000000e-06   0.00000000e+00  6.92929437e-310
  7.00000000e-06   0.00000000e+00  6.92929437e-310
  7.20000000e-06   0.00000000e+00  6.92929437e-310
  7.30000000e-06   0.00000000e+00  6.92929437e-310
  7.40000000e-06   0.00000000e+00  6.92929437e-310
  7.60000000e-06   0.00000000e+00  6.92929437e-310
  7.70000000e-06   0.00000000e+00  6.92929437e-310
  7.80000000e-06   0.00000000e+00  6.92929437e-310
  8.00000000e-06   0.00000000e+00  6.92929437e-310
  8.10000000e-06   0.00000000e+00  6.92929437e-310
  8.20000000e-06   0.00000000e+00  6.92929437e-310
  8.40000000e-06   0.00000000e+00  6.92929437e-310
  8.50000000e-06   0.00000000e+00  6.92929437e-310
  8.60000000e-06   0.00000000e+00  6.92929437e-310
  8.80000000e-06   0.00000000e+00  6.92929437e-310
  8.90000000e-06   0.00000000e+00  6.92929437e-310
  9.00000000e-06   0.00000000e+00  6.92929437e-310
  9.20000000e-06   0.00000000e+00  6.92929437e-310
  9.30000000e-06   0.00000000e+00  6.92929437e-310
  9.40000000e-06   0.00000000e+00  6.92929437e-310
  9.60000000e-06   0.00000000e+00  6.92929437e-310
  9.70000000e-06   0.00000000e+00  6.92929437e-310
  9.80000000e-06   0.00000000e+00  6.92929437e-310
  1.00000000e-05   0.00000000e+00  6.92929437e-310
  1.01000000e-05   0.00000000e+00  6.92929437e-310
  1.02000000e-05   0.00000000e+00  6.92929437e-310
  1.04000000e-05   0.00000000e+00  6.92929437e-310
  1.05000000e-05   0.00000000e+00  6.92929437e-310
  1.06000000e-05   0.00000000e+00  6.92929437e-310
  1.08000000e-05   0.00000000e+00  6.92929437e-310
  1.09000000e-05   0.00000000e+00  6.92929437e-310
  1.10000000e-05   0.00000000e+00  6.92929437e-310
  1.12000000e-05   0.00000000e+00  6.92929437e-310
  1.13000000e-05   0.00000000e+00  6.92929437e-310
  1.14000000e-05   0.00000000e+00  6.92929437e-310
  1.16000000e-05   0.00000000e+00  6.92929437e-310
  1.17000000e-05   0.00000000e+00  6.92929437e-310
  1.18000000e-05   0.00000000e+00  6.92929437e-310
  1.20000000e-05   0.00000000e+00  6.92929437e-310
  1.21000000e-05   0.00000000e+00  6.92929437e-310
  1.22000000e-05   0.00000000e+00  6.92929437e-310
  1.24000000e-05   0.00000000e+00  6.92929437e-310
  1.25000000e-05   0.00000000e+00  6.92929437e-310
  1.26000000e-05   0.00000000e+00  6.92929437e-310
  1.28000000e-05   0.00000000e+00  6.92929437e-310
  1.29000000e-05   0.00000000e+00  6.92929437e-310
  1.30000000e-05   0.00000000e+00  6.92929437e-310
  1.32000000e-05   0.00000000e+00  6.92929437e-310
  1.33000000e-05   0.00000000e+00  6.92929437e-310
  1.34000000e-05   0.00000000e+00  6.92929437e-310
  1.36000000e-05   0.00000000e+00  6.92929437e-310
  1.37000000e-05   0.00000000e+00  6.92929437e-310
  1.38000000e-05   0.00000000e+00  6.92929437e-310
  1.40000000e-05   0.00000000e+00  6.92929437e-310
  1.41000000e-05   0.00000000e+00  6.92929437e-310
  1.42000000e-05   0.00000000e+00  6.92929437e-310
  1.44000000e-05   0.00000000e+00  6.92929437e-310
  1.45000000e-05   0.00000000e+00  6.92929437e-310
  1.46000000e-05   0.00000000e+00  6.92929437e-310
  1.48000000e-05   0.00000000e+00  6.92929437e-310
  1.49000000e-05   0.00000000e+00  6.92929437e-310
  1.50000000e-05   0.00000000e+00  6.92929437e-310
  1.52000000e-05   0.00000000e+00  6.92929437e-310
  1.53000000e-05   0.00000000e+00  6.92929437e-310
  1.54000000e-05   0.00000000e+00  6.92929437e-310
  1.56000000e-05   0.00000000e+00  6.92929437e-310
  1.57000000e-05   0.00000000e+00  6.92929437e-310
  1.58000000e-05   0.00000000e+00  6.92929437e-310
  1.60000000e-05   0.00000000e+00  6.92929437e-310
  1.61000000e-05   0.00000000e+00  6.92929437e-310
  1.62000000e-05   0.00000000e+00  6.92929437e-310
  1.64000000e-05   0.00000000e+00  6.92929437e-310
  1.65000000e-05   0.00000000e+00  6.92929437e-310
  1.66000000e-05   0.00000000e+00  6.92929437e-310
  1.68000000e-05   0.00000000e+00  6.92929437e-310
  1.69000000e-05   0.00000000e+00  6.92929437e-310
  1.70000000e-05   0.00000000e+00  6.92929437e-310
  1.72000000e-05   0.00000000e+00  6.92929437e-310
  1.73000000e-05   0.00000000e+00  6.92929437e-310
  1.74000000e-05   0.00000000e+00  6.92929437e-310
  1.76000000e-05   0.00000000e+00  6.92929437e-310
  1.77000000e-05   0.00000000e+00  6.92929437e-310
  1.78000000e-05   0.00000000e+00  6.92929437e-310
  1.80000000e-05   0.00000000e+00  6.92929437e-310
  1.81000000e-05   0.00000000e+00  6.92929437e-310
  1.82000000e-05   0.00000000e+00  6.92929437e-310
  1.84000000e-05   0.00000000e+00  6.92929437e-310
  1.85000000e-05   0.00000000e+00  6.92929437e-310
  1.86000000e-05   0.00000000e+00  6.92929437e-310
  1.88000000e-05   0.00000000e+00  6.92929437e-310
  1.89000000e-05   0.00000000e+00  6.92929437e-310
  1.90000000e-05   0.00000000e+00  6.92929437e-310
  1.92000000e-05   0.00000000e+00  6.92929437e-310
  1.93000000e-05   0.00000000e+00  6.92929437e-310
  1.94000000e-05   0.00000000e+00  6.92929437e-310
  1.96000000e-05   0.00000000e+00  6.92929437e-310
  1.97000000e-05   0.00000000e+00  6.92929437e-310
  1.98000000e-05   0.00000000e+00  6.92929437e-310
  2.00000000e-05   0.00000000e+00  6.92929437e-310
  2.01000000e-05   0.00000000e+00  6.92929437e-310
  2.02000000e-05   0.00000000e+00  6.92929437e-310
  2.04000000e-05   0.00000000e+00  6.92929437e-310
  2.05000000e-05   0.00000000e+00  6.92929437e-310
  2.06000000e-05   0.00000000e+00  6.92929437e-310
  2.08000000e-05   0.00000000e+00  6.92929437e-310
  2.09000000e-05   0.00000000e+00  6.92929437e-310
  2.10000000e-05   0.00000000e+00  6.92929437e-310
  2.12000000e-05   0.00000000e+00  6.92929437e-310
  2.13000000e-05   0.00000000e+00  6.92929437e-310
  2.14000000e-05   0.00000000e+00  6.92929437e-310
  2.16000000e-05   0.00000000e+00  6.92929437e-310
  2.17000000e-05   0.00000000e+00  6.92929437e-310
  2.18000000e-05   0.00000000e+00  6.92929437e-310
  2.20000000e-05   0.00000000e+00  6.92929437e-310
  2.21000000e-05   0.00000000e+00  6.92929437e-310
  2.22000000e-05   0.00000000e+00  6.92929437e-310
  2.24000000e-05   0.00000000e+00  6.92929437e-310
  2.25000000e-05   0.00000000e+00  6.92929437e-310
  2.26000000e-05   0.00000000e+00  6.92929437e-310
  2.28000000e-05   0.00000000e+00  6.92929437e-310
  2.29000000e-05   0.00000000e+00  6.92929437e-310
  2.30000000e-05   0.00000000e+00  6.92929437e-310
  2.32000000e-05   0.00000000e+00  6.92929437e-310
  2.33000000e-05   0.00000000e+00  6.92929437e-310
  2.34000000e-05   0.00000000e+00  6.92929437e-310
  2.36000000e-05   0.00000000e+00  6.92929437e-310
  2.37000000e-05   0.00000000e+00  6.92929437e-310
  2.38000000e-05   0.00000000e+00  6.92929437e-310
  2.40000000e-05   0.00000000e+00  6.92929437e-310
  2.41000000e-05   0.00000000e+00  6.92929437e-310
  2.42000000e-05   0.00000000e+00  6.92929437e-310
  2.44000000e-05   0.00000000e+00  6.92929437e-310
  2.45000000e-05   0.00000000e+00  6.92929437e-310
  2.46000000e-05   0.00000000e+00  6.92929437e-310
  2.48000000e-05   0.00000000e+00  6.92929437e-310
  2.49000000e-05   0.00000000e+00  6.92929437e-310
  2.50000000e-05   0.00000000e+00  6.92929437e-310
  2.52000000e-05   0.00000000e+00  6.92929437e-310
  2.53000000e-05   0.00000000e+00  6.92929437e-310
  2.54000000e-05   0.00000000e+00  6.92929437e-310
  2.56000000e-05   0.00000000e+00  6.92929437e-310
  2.57000000e-05   0.00000000e+00  6.92929437e-310
  2.58000000e-05   0.00000000e+00  6.92929437e-310
  2.60000000e-05   0.00000000e+00  6.92929437e-310
  2.61000000e-05   0.00000000e+00  6.92929437e-310
  2.62000000e-05   0.00000000e+00  6.92929437e-310
  2.64000000e-05   0.00000000e+00  6.92929437e-310
  2.65000000e-05   0.00000000e+00  6.92929437e-310
  2.66000000e-05   0.00000000e+00  6.92929437e-310
  2.68000000e-05   0.00000000e+00  6.92929437e-310
  2.69000000e-05   0.00000000e+00  6.92929437e-310
  2.70000000e-05   0.00000000e+00  6.92929437e-310
  2.72000000e-05   0.00000000e+00  6.92929437e-310
  2.73000000e-05   0.00000000e+00  6.92929437e-310
  2.74000000e-05   0.00000000e+00  6.92929437e-310
  2.76000000e-05   0.00000000e+00  6.92929437e-310
  2.77000000e-05   0.00000000e+00  6.92929437e-310
  2.78000000e-05   0.00000000e+00  6.92929437e-310
  2.80000000e-05   0.00000000e+00  6.92929437e-310
  2.81000000e-05   0.00000000e+00  6.92929437e-310
  2.82000000e-05   0.00000000e+00  6.92929437e-310
  2.84000000e-05   0.00000000e+00  6.92929437e-310
  2.85000000e-05   0.00000000e+00  6.92929437e-310
  2.86000000e-05   0.00000000e+00  6.92929437e-310
  2.88000000e-05   0.00000000e+00  6.92929437e-310
  2.89000000e-05   0.00000000e+00  6.92929437e-310
  2.90000000e-05   0.00000000e+00  6.92929437e-310
  2.92000000e-05   0.00000000e+00  6.92929437e-310
  2.93000000e-05   0.00000000e+00  6.92929437e-310
  2.94000000e-05   0.00000000e+00  6.92929437e-310
  2.96000000e-05   0.00000000e+00  6.92929437e-310
  2.97000000e-05   0.00000000e+00  6.92929437e-310
  2.98000000e-05   0.00000000e+00  6.92929437e-310
  3.00000000e-05   0.00000000e+00  6.92929437e-310
  3.01000000e-05   0.00000000e+00  6.92929437e-310
  3.02000000e-05   0.00000000e+00  6.92929437e-310
  3.04000000e-05   0.00000000e+00  6.92929437e-310
  3.05000000e-05   0.00000000e+00  6.92929437e-310
  3.06000000e-05   0.00000000e+00  6.92929437e-310
  3.08000000e-05   0.00000000e+00  6.92929437e-310
  3.09000000e-05   0.00000000e+00  6.92929437e-310
  3.10000000e-05   0.00000000e+00  6.92929437e-310
  3.12000000e-05   0.00000000e+00  6.92929437e-310
  3.13000000e-05   0.00000000e+00  6.92929437e-310
  3.14000000e-05   0.00000000e+00  6.92929437e-310
  3.16000000e-05   0.00000000e+00  6.92929437e-310
  3.17000000e-05   0.00000000e+00  6.92929437e-310
  3.18000000e-05   0.00000000e+00  6.92929437e-310
  3.20000000e-05   0.00000000e+00  6.92929437e-310
  3.21000000e-05   0.00000000e+00  6.92929437e-310
  3.22000000e-05   0.00000000e+00  6.92929437e-310
  3.24000000e-05   0.00000000e+00  6.92929437e-310
  3.25000000e-05   0.00000000e+00  6.92929437e-310
  3.26000000e-05   0.00000000e+00  6.92929437e-310
  3.28000000e-05   0.00000000e+00  6.92929437e-310
  3.29000000e-05   0.00000000e+00  6.92929437e-310
  3.30000000e-05   0.00000000e+00  6.92929437e-310
  3.32000000e-05   0.00000000e+00  6.92929437e-310
  3.33000000e-05   0.00000000e+00  6.92929437e-310
  3.34000000e-05   0.00000000e+00  6.92929437e-310
  3.36000000e-05   0.00000000e+00  6.92929437e-310
  3.37000000e-05   0.00000000e+00  6.92929437e-310
  3.38000000e-05   0.00000000e+00  6.92929437e-310
  3.40000000e-05   0.00000000e+00  6.92929437e-310
  3.41000000e-05   0.00000000e+00  6.92929437e-310
  3.42000000e-05   0.00000000e+00  6.92929437e-310
  3.44000000e-05   0.00000000e+00  6.92929437e-310
  3.45000000e-05   0.00000000e+00  6.92929437e-310
  3.46000000e-05   0.00000000e+00  6.92929437e-310
  3.48000000e-05   0.00000000e+00  6.92929437e-310
  3.49000000e-05   0.00000000e+00  6.92929437e-310
  3.50000000e-05   0.00000000e+00  6.92929437e-310
  3.52000000e-05   0.00000000e+00  6.92929437e-310
  3.53000000e-05   0.00000000e+00  6.92929437e-310
  3.54000000e-05   0.00000000e+00  6.92929437e-310
  3.56000000e-05   0.00000000e+00  6.92929437e-310
  3.57000000e-05   0.00000000e+00  6.92929437e-310
  3.58000000e-05   0.00000000e+00  6.92929437e-310
  3.60000000e-05   0.00000000e+00  6.92929437e-310
  3.61000000e-05   0.00000000e+00  6.92929437e-310
  3.62000000e-05   0.00000000e+00  6.92929437e-310
  3.64000000e-05   0.00000000e+00  6.92929437e-310
  3.65000000e-05   0.00000000e+00  6.92929437e-310
  3.66000000e-05   0.00000000e+00  6.92929437e-310
  3.68000000e-05   0.00000000e+00  6.92929437e-310
  3.69000000e-05   0.00000000e+00  6.92929437e-310
  3.70000000e-05   0.00000000e+00  6.92929437e-310
  3.72000000e-05   0.00000000e+00  6.92929437e-310
  3.73000000e-05   0.00000000e+00  6.92929437e-310
  3.74000000e-05   0.00000000e+00  6.92929437e-310
  3.76000000e-05   0.00000000e+00  6.92929437e-310
  3.77000000e-05   0.00000000e+00  6.92929437e-310
  3.78000000e-05   0.00000000e+00  6.92929437e-310
  3.80000000e-05   0.00000000e+00  6.92929437e-310
  3.81000000e-05   0.00000000e+00  6.92929437e-310
  3.82000000e-05   0.00000000e+00  6.92929437e-310
  3.84000000e-05   0.00000000e+00  6.92929437e-310
  3.85000000e-05   0.00000000e+00  6.92929437e-310
  3.86000000e-05   0.00000000e+00  6.92929437e-310
  3.88000000e-05   0.00000000e+00  6.92929437e-310
  3.89000000e-05   0.00000000e+00  6.92929437e-310
  3.90000000e-05   0.00000000e+00  6.92929437e-310
  3.92000000e-05   0.00000000e+00  6.92929437e-310
  3.93000000e-05   0.00000000e+00  6.92929437e-310
  3.94000000e-05   0.00000000e+00  6.92929437e-310
  3.96000000e-05   0.00000000e+00  6.92929437e-310
  3.97000000e-05   0.00000000e+00  6.92929437e-310
  3.98000000e-05   0.00000000e+00  6.92929437e-310
  4.00000000e-05   0.00000000e+00  6.92929437e-310
  4.01000000e-05   0.00000000e+00  6.92929437e-310
  4.02000000e-05   0.00000000e+00  6.92929437e-310
  4.04000000e-05   0.00000000e+00  6.92929437e-310
  4.05000000e-05   0.00000000e+00  6.92929437e-310
  4.06000000e-05   0.00000000e+00  6.92929437e-310
  4.08000000e-05   0.00000000e+00  6.92929437e-310
  4.09000000e-05   0.00000000e+00  6.92929437e-310
  4.10000000e-05   0.00000000e+00  6.92929437e-310
  4.12000000e-05   0.00000000e+00  6.92929437e-310
  4.13000000e-05   0.00000000e+00  6.92929437e-310
  4.14000000e-05   0.00000000e+00  6.92929437e-310
  4.16000000e-05   0.00000000e+00  6.92929437e-310
  4.17000000e-05   0.00000000e+00  6.92929437e-310
  4.18000000e-05   0.00000000e+00  6.92929437e-310
  4.20000000e-05   0.00000000e+00  6.92929437e-310
  4.21000000e-05   0.00000000e+00  6.92929437e-310
  4.22000000e-05   0.00000000e+00  6.92929437e-310
  4.24000000e-05   0.00000000e+00  6.92929437e-310
  4.25000000e-05   0.00000000e+00  6.92929437e-310
  4.26000000e-05   0.00000000e+00  6.92929437e-310
  4.28000000e-05   0.00000000e+00  6.92929437e-310
  4.29000000e-05   0.00000000e+00  6.92929437e-310
  4.30000000e-05   0.00000000e+00  6.92929437e-310
  4.32000000e-05   0.00000000e+00  6.92929437e-310
  4.33000000e-05   0.00000000e+00  6.92929437e-310
  4.34000000e-05   0.00000000e+00  6.92929437e-310
  4.36000000e-05   0.00000000e+00  6.92929437e-310
  4.37000000e-05   0.00000000e+00  6.92929437e-310
  4.38000000e-05   0.00000000e+00  6.92929437e-310
  4.40000000e-05   0.00000000e+00  6.92929437e-310
  4.41000000e-05   0.00000000e+00  6.92929437e-310
  4.42000000e-05   0.00000000e+00  6.92929437e-310
  4.44000000e-05   0.00000000e+00  6.92929437e-310
  4.45000000e-05   0.00000000e+00  6.92929437e-310
  4.46000000e-05   0.00000000e+00  6.92929437e-310
  4.48000000e-05   0.00000000e+00  6.92929437e-310
  4.49000000e-05   0.00000000e+00  6.92929437e-310
  4.50000000e-05   0.00000000e+00  6.92929437e-310
  4.52000000e-05   0.00000000e+00  6.92929437e-310
  4.53000000e-05   0.00000000e+00  6.92929437e-310
  4.54000000e-05   0.00000000e+00  6.92929437e-310
  4.56000000e-05   0.00000000e+00  6.92929437e-310
  4.57000000e-05   0.00000000e+00  6.92929437e-310
  4.58000000e-05   0.00000000e+00  6.92929437e-310
  4.60000000e-05   0.00000000e+00  6.92929437e-310
  4.61000000e-05   0.00000000e+00  6.92929437e-310
  4.62000000e-05   0.00000000e+00  6.92929437e-310
  4.64000000e-05   0.00000000e+00  6.92929437e-310
  4.65000000e-05   0.00000000e+00  6.92929437e-310
  4.66000000e-05   0.00000000e+00  6.92929437e-310
  4.68000000e-05   0.00000000e+00  6.92929437e-310
  4.69000000e-05   0.00000000e+00  6.92929437e-310
  4.70000000e-05   0.00000000e+00  6.92929437e-310
  4.72000000e-05   0.00000000e+00  6.92929437e-310
  4.73000000e-05   0.00000000e+00  6.92929437e-310
  4.74000000e-05   0.00000000e+00  6.92929437e-310
  4.76000000e-05   0.00000000e+00  6.92929437e-310
  4.77000000e-05   0.00000000e+00  6.92929437e-310
  4.78000000e-05   0.00000000e+00  6.92929437e-310
  4.80000000e-05   0.00000000e+00  6.92929437e-310
  4.81000000e-05   0.00000000e+00  6.92929437e-310
  4.82000000e-05   0.00000000e+00  6.92929437e-310
  4.84000000e-05   0.00000000e+00  6.92929437e-310
  4.85000000e-05   0.00000000e+00  6.92929437e-310
  4.86000000e-05   0.00000000e+00  6.92929437e-310
  4.88000000e-05   0.00000000e+00  6.92929437e-310
  4.89000000e-05   0.00000000e+00  6.92929437e-310
  4.90000000e-05   0.00000000e+00  6.92929437e-310
  4.92000000e-05   0.00000000e+00  6.92929437e-310
  4.93000000e-05   0.00000000e+00  6.92929437e-310
  4.94000000e-05   0.00000000e+00  6.92929437e-310
  4.96000000e-05   0.00000000e+00  6.92929437e-310
  4.97000000e-05   0.00000000e+00  6.92929437e-310
  4.98000000e-05   0.00000000e+00  6.92929437e-310
  5.00000000e-05   0.00000000e+00  6.92929437e-310
  5.01000000e-05   0.00000000e+00  6.92929437e-310
  5.02000000e-05   0.00000000e+00  6.92929437e-310
  5.04000000e-05   0.00000000e+00  6.92929437e-310
  5.05000000e-05   0.00000000e+00  6.92929437e-310
  5.06000000e-05   0.00000000e+00  6.92929437e-310
  5.08000000e-05   0.00000000e+00  6.92929437e-310
  5.09000000e-05   0.00000000e+00  6.92929437e-310
  5.10000000e-05   0.00000000e+00  6.92929437e-310
  5.12000000e-05   0.00000000e+00  6.92929437e-310
  5.13000000e-05   0.00000000e+00  6.92929437e-310
  5.14000000e-05   0.00000000e+00  6.92929437e-310
  5.16000000e-05   0.00000000e+00  6.92929437e-310
  5.17000000e-05   0.00000000e+00  6.92929437e-310
  5.18000000e-05   0.00000000e+00  6.92929437e-310
  5.20000000e-05   0.00000000e+00  6.92929437e-310
  5.21000000e-05   0.00000000e+00  6.92929437e-310
  5.22000000e-05   0.00000000e+00  6.92929437e-310
  5.24000000e-05   0.00000000e+00  6.92929437e-310
  5.25000000e-05   0.00000000e+00  6.92929437e-310
  5.26000000e-05   0.00000000e+00  6.92929437e-310
  5.28000000e-05   0.00000000e+00  6.92929437e-310
  5.29000000e-05   0.00000000e+00  6.92929437e-310
  5.30000000e-05   0.00000000e+00  6.92929437e-310
  5.32000000e-05   0.00000000e+00  6.92929437e-310
  5.33000000e-05   0.00000000e+00  6.92929437e-310
  5.34000000e-05   0.00000000e+00  6.92929437e-310
  5.36000000e-05   0.00000000e+00  6.92929437e-310
  5.37000000e-05   0.00000000e+00  6.92929437e-310
  5.38000000e-05   0.00000000e+00  6.92929437e-310
  5.40000000e-05   0.00000000e+00  6.92929437e-310
  5.41000000e-05   0.00000000e+00  6.92929437e-310
  5.42000000e-05   0.00000000e+00  6.92929437e-310
  5.44000000e-05   0.00000000e+00  6.92929437e-310
  5.45000000e-05   0.00000000e+00  6.92929437e-310
  5.46000000e-05   0.00000000e+00  6.92929437e-310
  5.48000000e-05   0.00000000e+00  6.92929437e-310
  5.49000000e-05   0.00000000e+00  6.92929437e-310
  5.50000000e-05   0.00000000e+00  6.92929437e-310
  5.52000000e-05   0.00000000e+00  6.92929437e-310
  5.53000000e-05   0.00000000e+00  6.92929437e-310
  5.54000000e-05   0.00000000e+00  6.92929437e-310
  5.56000000e-05   0.00000000e+00  6.92929437e-310
  5.57000000e-05   0.00000000e+00  6.92929437e-310
  5.58000000e-05   0.00000000e+00  6.92929437e-310
  5.60000000e-05   0.00000000e+00  6.92929437e-310
  5.61000000e-05   0.00000000e+00  6.92929437e-310
  5.62000000e-05   0.00000000e+00  6.92929437e-310
  5.64000000e-05   0.00000000e+00  6.92929437e-310
  5.65000000e-05   0.00000000e+00  6.92929437e-310
  5.66000000e-05   0.00000000e+00  6.92929437e-310
  5.68000000e-05   0.00000000e+00  6.92929437e-310
  5.69000000e-05   0.00000000e+00  6.92929437e-310
  5.70000000e-05   0.00000000e+00  6.92929437e-310
  5.72000000e-05   0.00000000e+00  6.92929437e-310
  5.73000000e-05   0.00000000e+00  6.92929437e-310
  5.74000000e-05   0.00000000e+00  6.92929437e-310
  5.76000000e-05   0.00000000e+00  6.92929437e-310
  5.77000000e-05   0.00000000e+00  6.92929437e-310
  5.78000000e-05   0.00000000e+00  6.92929437e-310
  5.80000000e-05   0.00000000e+00  6.92929437e-310
  5.81000000e-05   0.00000000e+00  6.92929437e-310
  5.82000000e-05   0.00000000e+00  6.92929437e-310
  5.84000000e-05   0.00000000e+00  6.92929437e-310
  5.85000000e-05   0.00000000e+00  6.92929437e-310
  5.86000000e-05   0.00000000e+00  6.92929437e-310
  5.88000000e-05   0.00000000e+00  6.92929437e-310
  5.89000000e-05   0.00000000e+00  6.92929437e-310
  5.90000000e-05   0.00000000e+00  6.92929437e-310
  5.92000000e-05   0.00000000e+00  6.92929437e-310
  5.93000000e-05   0.00000000e+00  6.92929437e-310
  5.94000000e-05   0.00000000e+00  6.92929437e-310
  5.96000000e-05   0.00000000e+00  6.92929437e-310
  5.97000000e-05   0.00000000e+00  6.92929437e-310
  5.98000000e-05   0.00000000e+00  6.92929437e-310
  6.00000000e-05   0.00000000e+00  6.92929437e-310
  6.01000000e-05   0.00000000e+00  6.92929437e-310
  6.02000000e-05   0.00000000e+00  6.92929437e-310
  6.04000000e-05   0.00000000e+00  6.92929437e-310
  6.05000000e-05   0.00000000e+00  6.92929437e-310
  6.06000000e-05   0.00000000e+00  6.92929437e-310
  6.08000000e-05   0.00000000e+00  6.92929437e-310
  6.09000000e-05   0.00000000e+00  6.92929437e-310
  6.10000000e-05   0.00000000e+00  6.92929437e-310
  6.12000000e-05   0.00000000e+00  6.92929437e-310
  6.13000000e-05   0.00000000e+00  6.92929437e-310
  6.14000000e-05   0.00000000e+00  6.92929437e-310
  6.16000000e-05   0.00000000e+00  6.92929437e-310
  6.17000000e-05   0.00000000e+00  6.92929437e-310
  6.18000000e-05   0.00000000e+00  6.92929437e-310
  6.20000000e-05   0.00000000e+00  6.92929437e-310
  6.21000000e-05   0.00000000e+00  6.92929437e-310
  6.22000000e-05   0.00000000e+00  6.92929437e-310
  6.24000000e-05   0.00000000e+00  6.92929437e-310
  6.25000000e-05   0.00000000e+00  6.92929437e-310
  6.26000000e-05   0.00000000e+00  6.92929437e-310
  6.28000000e-05   0.00000000e+00  6.92929437e-310
  6.29000000e-05   0.00000000e+00  6.92929437e-310
  6.30000000e-05   0.00000000e+00  6.92929437e-310
  6.32000000e-05   0.00000000e+00  6.92929437e-310
  6.33000000e-05   0.00000000e+00  6.92929437e-310
  6.34000000e-05   0.00000000e+00  6.92929437e-310
  6.36000000e-05   0.00000000e+00  6.92929437e-310
  6.37000000e-05   0.00000000e+00  6.92929437e-310
  6.38000000e-05   0.00000000e+00  6.92929437e-310
  6.40000000e-05   0.00000000e+00  6.92929437e-310
  6.41000000e-05   0.00000000e+00  6.92929437e-310
  6.42000000e-05   0.00000000e+00  6.92929437e-310
  6.44000000e-05   0.00000000e+00  6.92929437e-310
  6.45000000e-05   0.00000000e+00  6.92929437e-310
  6.46000000e-05   0.00000000e+00  6.92929437e-310
  6.48000000e-05   0.00000000e+00  6.92929437e-310
  6.49000000e-05   0.00000000e+00  6.92929437e-310
  6.50000000e-05   0.00000000e+00  6.92929437e-310
  6.52000000e-05   0.00000000e+00  6.92929437e-310
  6.53000000e-05   0.00000000e+00  6.92929437e-310
  6.54000000e-05   0.00000000e+00  6.92929437e-310
  6.56000000e-05   0.00000000e+00  6.92929437e-310
  6.57000000e-05   0.00000000e+00  6.92929437e-310
  6.58000000e-05   0.00000000e+00  6.92929437e-310
  6.60000000e-05   0.00000000e+00  6.92929437e-310
  6.61000000e-05   0.00000000e+00  6.92929437e-310
  6.62000000e-05   0.00000000e+00  6.92929437e-310
  6.64000000e-05   0.00000000e+00  6.92929437e-310
  6.65000000e-05   0.00000000e+00  6.92929437e-310
  6.66000000e-05   0.00000000e+00  6.92929437e-310
  6.68000000e-05   0.00000000e+00  6.92929437e-310
  6.69000000e-05   0.00000000e+00  6.92929437e-310
  6.70000000e-05   0.00000000e+00  6.92929437e-310
  6.72000000e-05   0.00000000e+00  6.92929437e-310
  6.73000000e-05   0.00000000e+00  6.92929437e-310
  6.74000000e-05   0.00000000e+00  6.92929437e-310
  6.76000000e-05   0.00000000e+00  6.92929437e-310
  6.77000000e-05   0.00000000e+00  6.92929437e-310
  6.78000000e-05   0.00000000e+00  6.92929437e-310
  6.80000000e-05   0.00000000e+00  6.92929437e-310
  6.81000000e-05   0.00000000e+00  6.92929437e-310
  6.82000000e-05   0.00000000e+00  6.92929437e-310
  6.84000000e-05   0.00000000e+00  6.92929437e-310
  6.85000000e-05   0.00000000e+00  6.92929437e-310
  6.86000000e-05   0.00000000e+00  6.92929437e-310
  6.88000000e-05   0.00000000e+00  6.92929437e-310
  6.89000000e-05   0.00000000e+00  6.92929437e-310
  6.90000000e-05   0.00000000e+00  6.92929437e-310
  6.92000000e-05   0.00000000e+00  6.92929437e-310
  6.93000000e-05   0.00000000e+00  6.92929437e-310
  6.94000000e-05   0.00000000e+00  6.92929437e-310
  6.96000000e-05   0.00000000e+00  6.92929437e-310
  6.97000000e-05   0.00000000e+00  6.92929437e-310
  6.98000000e-05   0.00000000e+00  6.92929437e-310
  7.00000000e-05   0.00000000e+00  6.92929437e-310
  7.01000000e-05   0.00000000e+00  6.92929437e-310
  7.02000000e-05   0.00000000e+00  6.92929437e-310
  7.04000000e-05   0.00000000e+00  6.92929437e-310
  7.05000000e-05   0.00000000e+00  6.92929437e-310
  7.06000000e-05   0.00000000e+00  6.92929437e-310
  7.08000000e-05   0.00000000e+00  6.92929437e-310
  7.09000000e-05   0.00000000e+00  6.92929437e-310
  7.10000000e-05   0.00000000e+00  6.92929437e-310
  7.12000000e-05   0.00000000e+00  6.92929437e-310
  7.13000000e-05   0.00000000e+00  6.92929437e-310
  7.14000000e-05   0.00000000e+00  6.92929437e-310
  7.16000000e-05   0.00000000e+00  6.92929437e-310
  7.17000000e-05   0.00000000e+00  6.92929437e-310
  7.18000000e-05   0.00000000e+00  6.92929437e-310
  7.20000000e-05   0.00000000e+00  6.92929437e-310
  7.21000000e-05   0.00000000e+00  6.92929437e-310
  7.22000000e-05   0.00000000e+00  6.92929437e-310
  7.24000000e-05   0.00000000e+00  6.92929437e-310
  7.25000000e-05   0.00000000e+00  6.92929437e-310
  7.26000000e-05   0.00000000e+00  6.92929437e-310
  7.28000000e-05   0.00000000e+00  6.92929437e-310
  7.29000000e-05   0.00000000e+00  6.92929437e-310
  7.30000000e-05   0.00000000e+00  6.92929437e-310
  7.32000000e-05   0.00000000e+00  6.92929437e-310
  7.33000000e-05   0.00000000e+00  6.92929437e-310
  7.34000000e-05   0.00000000e+00  6.92929437e-310
  7.36000000e-05   0.00000000e+00  6.92929437e-310
  7.37000000e-05   0.00000000e+00  6.92929437e-310
  7.38000000e-05   0.00000000e+00  6.92929437e-310
  7.40000000e-05   0.00000000e+00  6.92929437e-310
  7.41000000e-05   0.00000000e+00  6.92929437e-310
  7.42000000e-05   0.00000000e+00  6.92929437e-310
  7.44000000e-05   0.00000000e+00  6.92929437e-310
  7.45000000e-05   0.00000000e+00  6.92929437e-310
  7.46000000e-05   0.00000000e+00  6.92929437e-310
  7.48000000e-05   0.00000000e+00  6.92929437e-310
  7.49000000e-05   0.00000000e+00  6.92929437e-310
  7.50000000e-05   0.00000000e+00  6.92929437e-310
  7.52000000e-05   0.00000000e+00  6.92929437e-310
  7.53000000e-05   0.00000000e+00  6.92929437e-310
  7.54000000e-05   0.00000000e+00  6.92929437e-310
  7.56000000e-05   0.00000000e+00  6.92929437e-310
  7.57000000e-05   0.00000000e+00  6.92929437e-310
  7.58000000e-05   0.00000000e+00  6.92929437e-310
  7.60000000e-05   0.00000000e+00  6.92929437e-310
  7.61000000e-05   0.00000000e+00  6.92929437e-310
  7.62000000e-05   0.00000000e+00  6.92929437e-310
  7.64000000e-05   0.00000000e+00  6.92929437e-310
  7.65000000e-05   0.00000000e+00  6.92929437e-310
  7.66000000e-05   0.00000000e+00  6.92929437e-310
  7.68000000e-05   0.00000000e+00  6.92929437e-310
  7.69000000e-05   0.00000000e+00  6.92929437e-310
  7.70000000e-05   0.00000000e+00  6.92929437e-310
  7.72000000e-05   0.00000000e+00  6.92929437e-310
  7.73000000e-05   0.00000000e+00  6.92929437e-310
  7.74000000e-05   0.00000000e+00  6.92929437e-310
  7.76000000e-05   0.00000000e+00  6.92929437e-310
  7.77000000e-05   0.00000000e+00  6.92929437e-310
  7.78000000e-05   0.00000000e+00  6.92929437e-310
  7.80000000e-05   0.00000000e+00  6.92929437e-310
  7.81000000e-05   0.00000000e+00  6.92929437e-310
  7.82000000e-05   0.00000000e+00  6.92929437e-310
  7.84000000e-05   0.00000000e+00  6.92929437e-310
  7.85000000e-05   0.00000000e+00  6.92929437e-310
  7.86000000e-05   0.00000000e+00  6.92929437e-310
  7.88000000e-05   0.00000000e+00  6.92929437e-310
  7.89000000e-05   0.00000000e+00  6.92929437e-310
  7.90000000e-05   0.00000000e+00  6.92929437e-310
  7.92000000e-05   0.00000000e+00  6.92929437e-310
  7.93000000e-05   0.00000000e+00  6.92929437e-310
  7.94000000e-05   0.00000000e+00  6.92929437e-310
  7.96000000e-05   0.00000000e+00  6.92929437e-310
  7.97000000e-05   0.00000000e+00  6.92929437e-310
  7.98000000e-05   0.00000000e+00  6.92929437e-310
  8.00000000e-05   0.00000000e+00  6.92929437e-310
  8.01000000e-05   0.00000000e+00  6.92929437e-310
  8.02000000e-05   0.00000000e+00  6.92929437e-310
  8.04000000e-05   0.00000000e+00  6.92929437e-310
  8.05000000e-05   0.00000000e+00  6.92929437e-310
  8.06000000e-05   0.00000000e+00  6.92929437e-310
  8.08000000e-05   0.00000000e+00  6.92929437e-310
  8.09000000e-05   0.00000000e+00  6.92929437e-310
  8.10000000e-05   0.00000000e+00  6.92929437e-310
  8.12000000e-05   0.00000000e+00  6.92929437e-310
  8.13000000e-05   0.00000000e+00  6.92929437e-310
  8.14000000e-05   0.00000000e+00  6.92929437e-310
  8.16000000e-05   0.00000000e+00  6.92929437e-310
  8.17000000e-05   0.00000000e+00  6.92929437e-310
  8.18000000e-05   0.00000000e+00  6.92929437e-310
  8.20000000e-05   0.00000000e+00  6.92929437e-310
  8.21000000e-05   0.00000000e+00  6.92929437e-310
  8.22000000e-05   0.00000000e+00  6.92929437e-310
  8.24000000e-05   0.00000000e+00  6.92929437e-310
  8.25000000e-05   0.00000000e+00  6.92929437e-310
  8.26000000e-05   0.00000000e+00  6.92929437e-310
  8.28000000e-05   0.00000000e+00  6.92929437e-310
  8.29000000e-05   0.00000000e+00  6.92929437e-310
  8.30000000e-05   0.00000000e+00  6.92929437e-310
  8.32000000e-05   0.00000000e+00  6.92929437e-310
  8.33000000e-05   0.00000000e+00  6.92929437e-310
  8.34000000e-05   0.00000000e+00  6.92929437e-310
  8.36000000e-05   0.00000000e+00  6.92929437e-310
  8.37000000e-05   0.00000000e+00  6.92929437e-310
  8.38000000e-05   0.00000000e+00  6.92929437e-310
  8.40000000e-05   0.00000000e+00  6.92929437e-310
  8.41000000e-05   0.00000000e+00  6.92929437e-310
  8.42000000e-05   0.00000000e+00  6.92929437e-310
  8.44000000e-05   0.00000000e+00  6.92929437e-310
  8.45000000e-05   0.00000000e+00  6.92929437e-310
  8.46000000e-05   0.00000000e+00  6.92929437e-310
  8.48000000e-05   0.00000000e+00  6.92929437e-310
  8.49000000e-05   0.00000000e+00  6.92929437e-310
  8.50000000e-05   0.00000000e+00  6.92929437e-310
  8.52000000e-05   0.00000000e+00  6.92929437e-310
  8.53000000e-05   0.00000000e+00  6.92929437e-310
  8.54000000e-05   0.00000000e+00  6.92929437e-310
  8.56000000e-05   0.00000000e+00  6.92929437e-310
  8.57000000e-05   0.00000000e+00  6.92929437e-310
  8.58000000e-05   0.00000000e+00  6.92929437e-310
  8.60000000e-05   0.00000000e+00  6.92929437e-310
  8.61000000e-05   0.00000000e+00  6.92929437e-310
  8.62000000e-05   0.00000000e+00  6.92929437e-310
  8.64000000e-05   0.00000000e+00  6.92929437e-310
  8.65000000e-05   0.00000000e+00  6.92929437e-310
  8.66000000e-05   0.00000000e+00  6.92929437e-310
  8.68000000e-05   0.00000000e+00  6.92929437e-310
  8.69000000e-05   0.00000000e+00  6.92929437e-310
  8.70000000e-05   0.00000000e+00  6.92929437e-310
  8.72000000e-05   0.00000000e+00  6.92929437e-310
  8.73000000e-05   0.00000000e+00  6.92929437e-310
  8.74000000e-05   0.00000000e+00  6.92929437e-310
  8.76000000e-05   0.00000000e+00  6.92929437e-310
  8.77000000e-05   0.00000000e+00  6.92929437e-310
  8.78000000e-05   0.00000000e+00  6.92929437e-310
  8.80000000e-05   0.00000000e+00  6.92929437e-310
  8.81000000e-05   0.00000000e+00  6.92929437e-310
  8.82000000e-05   0.00000000e+00  6.92929437e-310
  8.84000000e-05   0.00000000e+00  6.92929437e-310
  8.85000000e-05   0.00000000e+00  6.92929437e-310
  8.86000000e-05   0.00000000e+00  6.92929437e-310
  8.88000000e-05   0.00000000e+00  6.92929437e-310
  8.89000000e-05   0.00000000e+00  6.92929437e-310
  8.90000000e-05   0.00000000e+00  6.92929437e-310
  8.92000000e-05   0.00000000e+00  6.92929437e-310
  8.93000000e-05   0.00000000e+00  6.92929437e-310
  8.94000000e-05   0.00000000e+00  6.92929437e-310
  8.96000000e-05   0.00000000e+00  6.92929437e-310
  8.97000000e-05   0.00000000e+00  6.92929437e-310
  8.98000000e-05   0.00000000e+00  6.92929437e-310
  9.00000000e-05   0.00000000e+00  6.92929437e-310
  9.01000000e-05   0.00000000e+00  6.92929437e-310
  9.02000000e-05   0.00000000e+00  6.92929437e-310
  9.04000000e-05   0.00000000e+00  6.92929437e-310
  9.05000000e-05   0.00000000e+00  6.92929437e-310
  9.06000000e-05   0.00000000e+00  6.92929437e-310
  9.08000000e-05   0.00000000e+00  6.92929437e-310
  9.09000000e-05   0.00000000e+00  6.92929437e-310
  9.10000000e-05   0.00000000e+00  6.92929437e-310
  9.12000000e-05   0.00000000e+00  6.92929437e-310
  9.13000000e-05   0.00000000e+00  6.92929437e-310
  9.14000000e-05   0.00000000e+00  6.92929437e-310
  9.16000000e-05   0.00000000e+00  6.92929437e-310
  9.17000000e-05   0.00000000e+00  6.92929437e-310
  9.18000000e-05   0.00000000e+00  6.92929437e-310
  9.20000000e-05   0.00000000e+00  6.92929437e-310
  9.21000000e-05   0.00000000e+00  6.92929437e-310
  9.22000000e-05   0.00000000e+00  6.92929437e-310
  9.24000000e-05   0.00000000e+00  6.92929437e-310
  9.25000000e-05   0.00000000e+00  6.92929437e-310
  9.26000000e-05   0.00000000e+00  6.92929437e-310
  9.28000000e-05   0.00000000e+00  6.92929437e-310
  9.29000000e-05   0.00000000e+00  6.92929437e-310
  9.30000000e-05   0.00000000e+00  6.92929437e-310
  9.32000000e-05   0.00000000e+00  6.92929437e-310
  9.33000000e-05   0.00000000e+00  6.92929437e-310
  9.34000000e-05   0.00000000e+00  6.92929437e-310
  9.36000000e-05   0.00000000e+00  6.92929437e-310
  9.37000000e-05   0.00000000e+00  6.92929437e-310
  9.38000000e-05   0.00000000e+00  6.92929437e-310
  9.40000000e-05   0.00000000e+00  6.92929437e-310
  9.41000000e-05   0.00000000e+00  6.92929437e-310
  9.42000000e-05   0.00000000e+00  6.92929437e-310
  9.44000000e-05   6.40454309e-07  6.92929437e-310
  9.45000000e-05   8.81645106e-07  6.92929437e-310
  9.46000000e-05   1.06082272e-06  6.92929437e-310
  9.48000000e-05   1.35010041e-06  6.92929437e-310
  9.49000000e-05   1.55443922e-06  6.92929437e-310
  9.50000000e-05   1.86837123e-06  6.92929437e-310
  9.52000000e-05   2.98592389e-06  6.92929437e-310
  9.53000000e-05   3.85026473e-06  6.92929437e-310
  9.54000000e-05   4.92430802e-06  6.92929437e-310
  9.56000000e-05   7.51167952e-06  6.92929437e-310
  9.57000000e-05   9.14078344e-06  6.92929437e-310
  9.58000000e-05   1.15971309e-05  6.92929437e-310
  9.60000000e-05   1.67106179e-05  6.92929437e-310
  9.61000000e-05   1.98109514e-05  6.92929437e-310
  9.62000000e-05   2.39289630e-05  6.92929437e-310
  9.64000000e-05   3.26044312e-05  6.92929437e-310
  9.65000000e-05   3.72787682e-05  6.92929437e-310
  9.66000000e-05   4.20630372e-05  6.92929437e-310
  9.68000000e-05   5.17074527e-05  6.92929437e-310
  9.69000000e-05   5.65452866e-05  6.92929437e-310
  9.70000000e-05   6.14864323e-05  6.92929437e-310
  9.72000000e-05   7.36023198e-05  6.92929437e-310
  9.73000000e-05   8.17418725e-05  6.92929437e-310
  9.74000000e-05   9.29763850e-05  6.92929437e-310
  9.76000000e-05   1.18601259e-04  6.92929437e-310
  9.77000000e-05   1.33169426e-04  6.92929437e-310
  9.78000000e-05   1.47692991e-04  6.92929437e-310
  9.80000000e-05   1.73620512e-04  6.92929437e-310
  9.81000000e-05   1.86690949e-04  6.92929437e-310
  9.82000000e-05   2.01306627e-04  6.92929437e-310
  9.84000000e-05   2.44633027e-04  6.92929437e-310
  9.85000000e-05   2.81831594e-04  6.92929437e-310
  9.86000000e-05   3.33978293e-04  6.92929437e-310
  9.88000000e-05   4.75578059e-04  6.92929437e-310
  9.89000000e-05   5.59006233e-04  6.92929437e-310
  9.90000000e-05   6.57454500e-04  6.92929437e-310
  9.92000000e-05   8.73650218e-04  6.92929437e-310
  9.93000000e-05   9.69101908e-04  6.92929437e-310
  9.94000000e-05   1.05372137e-03  6.92929437e-310
  9.96000000e-05   1.19389682e-03  6.92929437e-310
  9.97000000e-05   1.26816617e-03  6.92929437e-310
  9.98000000e-05   1.36501672e-03  6.92929437e-310
  1.00000000e-04   1.71135838e-03  6.92929437e-310
  1.00100000e-04   2.02584994e-03  6.92929437e-310
  1.00200000e-04   2.53772617e-03  6.92929437e-310
  1.00400000e-04   4.88660421e-03  6.92929437e-310
  1.00500000e-04   8.61501898e-03  6.92929437e-310
  1.00600000e-04   1.67082416e-02  6.92929437e-310
  1.00800000e-04   3.54953505e-02  6.92929437e-310
  1.00900000e-04   4.57334241e-02  6.92929437e-310
  1.01000000e-04   5.64547152e-02  6.92929437e-310
  1.01200000e-04   7.98189654e-02  6.92929437e-310
  1.01300000e-04   9.23425055e-02  6.92929437e-310
  1.01400000e-04   1.05014287e-01  6.92929437e-310
  1.01600000e-04   1.31023598e-01  6.92929437e-310
  1.01700000e-04   1.44604857e-01  6.92929437e-310
  1.01800000e-04   1.58427764e-01  6.92929437e-310
  1.02000000e-04   1.86711065e-01  6.92929437e-310
  1.02100000e-04   2.01293597e-01  6.92929437e-310
  1.02200000e-04   2.16076014e-01  6.92929437e-310
  1.02400000e-04   2.45118093e-01  6.92929437e-310
  1.02500000e-04   2.59837526e-01  6.92929437e-310
  1.02600000e-04   2.75291831e-01  6.92929437e-310
  1.02800000e-04   3.07267160e-01  6.92929437e-310
  1.02900000e-04   3.23866824e-01  6.92929437e-310
  1.03000000e-04   3.40346425e-01  6.92929437e-310
  1.03200000e-04   3.71440047e-01  6.92929437e-310
  1.03300000e-04   3.87340533e-01  6.92929437e-310
  1.03400000e-04   4.03166192e-01  6.92929437e-310
  1.03600000e-04   4.35361210e-01  6.92929437e-310
  1.03700000e-04   4.51475872e-01  6.92929437e-310
  1.03800000e-04   4.68194183e-01  6.92929437e-310
  1.04000000e-04   5.00711346e-01  6.92929437e-310
  1.04100000e-04   5.17186821e-01  6.92929437e-310
  1.04200000e-04   5.33347315e-01  6.92929437e-310
  1.04400000e-04   5.65608441e-01  6.92929437e-310
  1.04500000e-04   5.81204165e-01  6.92929437e-310
  1.04600000e-04   5.96132352e-01  6.92929437e-310
  1.04800000e-04   6.26915778e-01  6.92929437e-310
  1.04900000e-04   6.42718333e-01  6.92929437e-310
  1.05000000e-04   6.58459985e-01  6.92929437e-310
  1.05200000e-04   6.92823722e-01  6.92929437e-310
  1.05300000e-04   7.08418707e-01  6.92929437e-310
  1.05400000e-04   7.23835673e-01  6.92929437e-310
  1.05600000e-04   7.53791721e-01  6.92929437e-310
  1.05700000e-04   7.68666306e-01  6.92929437e-310
  1.05800000e-04   7.83265242e-01  6.92929437e-310
  1.06000000e-04   8.13494612e-01  6.92929437e-310
  1.06100000e-04   8.29215013e-01  6.92929437e-310
  1.06200000e-04   8.44661242e-01  6.92929437e-310
  1.06400000e-04   8.74489341e-01  6.92929437e-310
  1.06500000e-04   8.89658521e-01  6.92929437e-310
  1.06600000e-04   9.04807717e-01  6.92929437e-310
  1.06800000e-04   9.34179246e-01  6.92929437e-310
  1.06900000e-04   9.48572950e-01  6.92929437e-310
  1.07000000e-04   9.62829574e-01  6.92929437e-310
  1.07200000e-04   9.92402438e-01  6.92929437e-310
  1.07300000e-04   1.00641098e+00  6.92929437e-310
  1.07400000e-04   1.02068719e+00  6.92929437e-310
  1.07600000e-04   1.04996144e+00  6.92929437e-310
  1.07700000e-04   1.06420078e+00  6.92929437e-310
  1.07800000e-04   1.07857605e+00  6.92929437e-310
  1.08000000e-04   1.10671383e+00  6.92929437e-310
  1.08100000e-04   1.12079134e+00  6.92929437e-310
  1.08200000e-04   1.13473333e+00  6.92929437e-310
  1.08400000e-04   1.16245088e+00  6.92929437e-310
  1.08500000e-04   1.17684899e+00  6.92929437e-310
  1.08600000e-04   1.19127761e+00  6.92929437e-310
  1.08800000e-04   1.21982903e+00  6.92929437e-310
  1.08900000e-04   1.23342765e+00  6.92929437e-310
  1.09000000e-04   1.24679021e+00  6.92929437e-310
  1.09200000e-04   1.27344220e+00  6.92929437e-310
  1.09300000e-04   1.28676389e+00  6.92929437e-310
  1.09400000e-04   1.30041107e+00  6.92929437e-310
  1.09600000e-04   1.32671450e+00  6.92929437e-310
  1.09700000e-04   1.34001405e+00  6.92929437e-310
  1.09800000e-04   1.35281947e+00  6.92929437e-310
  1.10000000e-04   1.37941780e+00  6.92929437e-310
  1.10100000e-04   1.39217251e+00  6.92929437e-310
  1.10200000e-04   1.40504449e+00  6.92929437e-310
  1.10400000e-04   1.43130387e+00  6.92929437e-310
  1.10500000e-04   1.44499247e+00  6.92929437e-310
  1.10600000e-04   1.45840144e+00  6.92929437e-310
  1.10800000e-04   1.48489230e+00  6.92929437e-310
  1.10900000e-04   1.49791588e+00  6.92929437e-310
  1.11000000e-04   1.51127924e+00  6.92929437e-310
  1.11200000e-04   1.53836223e+00  6.92929437e-310
  1.11300000e-04   1.55153814e+00  6.92929437e-310
  1.11400000e-04   1.56410188e+00  6.92929437e-310
  1.11600000e-04   1.58881546e+00  6.92929437e-310
  1.11700000e-04   1.60125010e+00  6.92929437e-310
  1.11800000e-04   1.61378007e+00  6.92929437e-310
  1.12000000e-04   1.63825414e+00  6.92929437e-310
  1.12100000e-04   1.65101488e+00  6.92929437e-310
  1.12200000e-04   1.66345199e+00  6.92929437e-310
  1.12400000e-04   1.68780416e+00  6.92929437e-310
  1.12500000e-04   1.69978110e+00  6.92929437e-310
  1.12600000e-04   1.71217207e+00  6.92929437e-310
  1.12800000e-04   1.73697049e+00  6.92929437e-310
  1.12900000e-04   1.74900107e+00  6.92929437e-310
  1.13000000e-04   1.76139859e+00  6.92929437e-310
  1.13200000e-04   1.78578349e+00  6.92929437e-310
  1.13300000e-04   1.79735463e+00  6.92929437e-310
  1.13400000e-04   1.80887917e+00  6.92929437e-310
  1.13600000e-04   1.83322361e+00  6.92929437e-310
  1.13700000e-04   1.84525450e+00  6.92929437e-310
  1.13800000e-04   1.85764234e+00  6.92929437e-310
  1.14000000e-04   1.88275678e+00  6.92929437e-310
  1.14100000e-04   1.89536982e+00  6.92929437e-310
  1.14200000e-04   1.90753674e+00  6.92929437e-310
  1.14400000e-04   1.93161909e+00  6.92929437e-310
  1.14500000e-04   1.94391049e+00  6.92929437e-310
  1.14600000e-04   1.95619071e+00  6.92929437e-310
  1.14800000e-04   1.98116989e+00  6.92929437e-310
  1.14900000e-04   1.99406946e+00  6.92929437e-310
  1.15000000e-04   2.00677759e+00  6.92929437e-310
  1.15200000e-04   2.03238063e+00  6.92929437e-310
  1.15300000e-04   2.04529632e+00  6.92929437e-310
  1.15400000e-04   2.05823793e+00  6.92929437e-310
  1.15600000e-04   2.08339395e+00  6.92929437e-310
  1.15700000e-04   2.09601186e+00  6.92929437e-310
  1.15800000e-04   2.10851733e+00  6.92929437e-310
  1.16000000e-04   2.13373523e+00  6.92929437e-310
  1.16100000e-04   2.14640716e+00  6.92929437e-310
  1.16200000e-04   2.15924053e+00  6.92929437e-310
  1.16400000e-04   2.18462337e+00  6.92929437e-310
  1.16500000e-04   2.19687457e+00  6.92929437e-310
  1.16600000e-04   2.20930562e+00  6.92929437e-310
  1.16800000e-04   2.23382950e+00  6.92929437e-310
  1.16900000e-04   2.24665560e+00  6.92929437e-310
  1.17000000e-04   2.25934617e+00  6.92929437e-310
  1.17200000e-04   2.28395943e+00  6.92929437e-310
  1.17300000e-04   2.29613933e+00  6.92929437e-310
  1.17400000e-04   2.30861861e+00  6.92929437e-310
  1.17600000e-04   2.33387389e+00  6.92929437e-310
  1.17700000e-04   2.34591600e+00  6.92929437e-310
  1.17800000e-04   2.35849153e+00  6.92929437e-310
  1.18000000e-04   2.38364238e+00  6.92929437e-310
  1.18100000e-04   2.39567211e+00  6.92929437e-310
  1.18200000e-04   2.40760619e+00  6.92929437e-310
  1.18400000e-04   2.43267295e+00  6.92929437e-310
  1.18500000e-04   2.44553488e+00  6.92929437e-310
  1.18600000e-04   2.45816861e+00  6.92929437e-310
  1.18800000e-04   2.48277926e+00  6.92929437e-310
  1.18900000e-04   2.49557222e+00  6.92929437e-310
  1.19000000e-04   2.50815257e+00  6.92929437e-310
  1.19200000e-04   2.53359806e+00  6.92929437e-310
  1.19300000e-04   2.54605792e+00  6.92929437e-310
  1.19400000e-04   2.55848631e+00  6.92929437e-310
  1.19600000e-04   2.58391530e+00  6.92929437e-310
  1.19700000e-04   2.59604111e+00  6.92929437e-310
  1.19800000e-04   2.60805413e+00  6.92929437e-310
  1.20000000e-04   2.63262276e+00  6.92929437e-310
  1.20100000e-04   2.64526328e+00  6.92929437e-310
  1.20200000e-04   2.65747852e+00  6.92929437e-310
  1.20400000e-04   2.68116981e+00  6.92929437e-310
  1.20500000e-04   2.69339938e+00  6.92929437e-310
  1.20600000e-04   2.70590770e+00  6.92929437e-310
  1.20800000e-04   2.73000566e+00  6.92929437e-310
  1.20900000e-04   2.74206372e+00  6.92929437e-310
  1.21000000e-04   2.75392842e+00  6.92929437e-310
  1.21200000e-04   2.77791155e+00  6.92929437e-310
  1.21300000e-04   2.78993534e+00  6.92929437e-310
  1.21400000e-04   2.80235547e+00  6.92929437e-310
  1.21600000e-04   2.82789706e+00  6.92929437e-310
  1.21700000e-04   2.84110723e+00  6.92929437e-310
  1.21800000e-04   2.85400846e+00  6.92929437e-310
  1.22000000e-04   2.87975354e+00  6.92929437e-310
  1.22100000e-04   2.89346349e+00  6.92929437e-310
  1.22200000e-04   2.90702121e+00  6.92929437e-310
  1.22400000e-04   2.93475208e+00  6.92929437e-310
  1.22500000e-04   2.94796562e+00  6.92929437e-310
  1.22600000e-04   2.96144481e+00  6.92929437e-310
  1.22800000e-04   2.98827017e+00  6.92929437e-310
  1.22900000e-04   3.00149416e+00  6.92929437e-310
  1.23000000e-04   3.01451396e+00  6.92929437e-310
  1.23200000e-04   3.04213164e+00  6.92929437e-310
  1.23300000e-04   3.05564830e+00  6.92929437e-310
  1.23400000e-04   3.06923565e+00  6.92929437e-310
  1.23600000e-04   3.09687576e+00  6.92929437e-310
  1.23700000e-04   3.11071732e+00  6.92929437e-310
  1.23800000e-04   3.12492050e+00  6.92929437e-310
  1.24000000e-04   3.15252884e+00  6.92929437e-310
  1.24100000e-04   3.16617406e+00  6.92929437e-310
  1.24200000e-04   3.17925367e+00  6.92929437e-310
  1.24400000e-04   3.20538476e+00  6.92929437e-310
  1.24500000e-04   3.21898221e+00  6.92929437e-310
  1.24600000e-04   3.23210436e+00  6.92929437e-310
  1.24800000e-04   3.25856504e+00  6.92929437e-310
  1.24900000e-04   3.27119415e+00  6.92929437e-310
  1.25000000e-04   3.28467151e+00  6.92929437e-310
  1.25200000e-04   3.31081135e+00  6.92929437e-310
  1.25300000e-04   3.32384932e+00  6.92929437e-310
  1.25400000e-04   3.33649359e+00  6.92929437e-310
  1.25600000e-04   3.36055752e+00  6.92929437e-310
  1.25700000e-04   3.37340115e+00  6.92929437e-310
  1.25800000e-04   3.38619203e+00  6.92929437e-310
  1.26000000e-04   3.41184748e+00  6.92929437e-310
  1.26100000e-04   3.42454558e+00  6.92929437e-310
  1.26200000e-04   3.43701054e+00  6.92929437e-310
  1.26400000e-04   3.46252269e+00  6.92929437e-310
  1.26500000e-04   3.47528947e+00  6.92929437e-310
  1.26600000e-04   3.48769555e+00  6.92929437e-310
  1.26800000e-04   3.51326585e+00  6.92929437e-310
  1.26900000e-04   3.52567634e+00  6.92929437e-310
  1.27000000e-04   3.53801328e+00  6.92929437e-310
  1.27200000e-04   3.56228862e+00  6.92929437e-310
  1.27300000e-04   3.57454151e+00  6.92929437e-310
  1.27400000e-04   3.58698363e+00  6.92929437e-310
  1.27600000e-04   3.61188028e+00  6.92929437e-310
  1.27700000e-04   3.62380961e+00  6.92929437e-310
  1.27800000e-04   3.63619398e+00  6.92929437e-310
  1.28000000e-04   3.66124311e+00  6.92929437e-310
  1.28100000e-04   3.67371292e+00  6.92929437e-310
  1.28200000e-04   3.68579255e+00  6.92929437e-310
  1.28400000e-04   3.71117067e+00  6.92929437e-310
  1.28500000e-04   3.72346847e+00  6.92929437e-310
  1.28600000e-04   3.73557409e+00  6.92929437e-310
  1.28800000e-04   3.75858293e+00  6.92929437e-310
  1.28900000e-04   3.76957454e+00  6.92929437e-310
  1.29000000e-04   3.78070367e+00  6.92929437e-310
  1.29200000e-04   3.80351839e+00  6.92929437e-310
  1.29300000e-04   3.81475405e+00  6.92929437e-310
  1.29400000e-04   3.82597858e+00  6.92929437e-310
  1.29600000e-04   3.84957539e+00  6.92929437e-310
  1.29700000e-04   3.86156218e+00  6.92929437e-310
  1.29800000e-04   3.87312598e+00  6.92929437e-310
  1.30000000e-04   3.89630859e+00  6.92929437e-310
  1.30100000e-04   3.90804486e+00  6.92929437e-310
  1.30200000e-04   3.91984056e+00  6.92929437e-310
  1.30400000e-04   3.94303624e+00  6.92929437e-310
  1.30500000e-04   3.95415005e+00  6.92929437e-310
  1.30600000e-04   3.96555629e+00  6.92929437e-310
  1.30800000e-04   3.98751125e+00  6.92929437e-310
  1.30900000e-04   3.99834967e+00  6.92929437e-310
  1.31000000e-04   4.00887170e+00  6.92929437e-310
  1.31200000e-04   4.02933513e+00  6.92929437e-310
  1.31300000e-04   4.03917814e+00  6.92929437e-310
  1.31400000e-04   4.04935816e+00  6.92929437e-310
  1.31600000e-04   4.06912961e+00  6.92929437e-310
  1.31700000e-04   4.07921091e+00  6.92929437e-310
  1.31800000e-04   4.08896030e+00  6.92929437e-310
  1.32000000e-04   4.10844463e+00  6.92929437e-310
  1.32100000e-04   4.11834175e+00  6.92929437e-310
  1.32200000e-04   4.12837300e+00  6.92929437e-310
  1.32400000e-04   4.14826953e+00  6.92929437e-310
  1.32500000e-04   4.15798320e+00  6.92929437e-310
  1.32600000e-04   4.16794700e+00  6.92929437e-310
  1.32800000e-04   4.18772833e+00  6.92929437e-310
  1.32900000e-04   4.19784867e+00  6.92929437e-310
  1.33000000e-04   4.20800589e+00  6.92929437e-310
  1.33200000e-04   4.22816696e+00  6.92929437e-310
  1.33300000e-04   4.23866327e+00  6.92929437e-310
  1.33400000e-04   4.24920732e+00  6.92929437e-310
  1.33600000e-04   4.26958997e+00  6.92929437e-310
  1.33700000e-04   4.27941601e+00  6.92929437e-310
  1.33800000e-04   4.28925142e+00  6.92929437e-310
  1.34000000e-04   4.30905748e+00  6.92929437e-310
  1.34100000e-04   4.31857583e+00  6.92929437e-310
  1.34200000e-04   4.32795447e+00  6.92929437e-310
  1.34400000e-04   4.34771636e+00  6.92929437e-310
  1.34500000e-04   4.35747049e+00  6.92929437e-310
  1.34600000e-04   4.36678171e+00  6.92929437e-310
  1.34800000e-04   4.38476004e+00  6.92929437e-310
  1.34900000e-04   4.39381954e+00  6.92929437e-310
  1.35000000e-04   4.40284217e+00  6.92929437e-310
  1.35200000e-04   4.42050595e+00  6.92929437e-310
  1.35300000e-04   4.42929236e+00  6.92929437e-310
  1.35400000e-04   4.43778593e+00  6.92929437e-310
  1.35600000e-04   4.45400963e+00  6.92929437e-310
  1.35700000e-04   4.46216025e+00  6.92929437e-310
  1.35800000e-04   4.46994125e+00  6.92929437e-310
  1.36000000e-04   4.48552484e+00  6.92929437e-310
  1.36100000e-04   4.49265231e+00  6.92929437e-310
  1.36200000e-04   4.49958758e+00  6.92929437e-310
  1.36400000e-04   4.51388482e+00  6.92929437e-310
  1.36500000e-04   4.52132346e+00  6.92929437e-310
  1.36600000e-04   4.52817938e+00  6.92929437e-310
  1.36800000e-04   4.54127283e+00  6.92929437e-310
  1.36900000e-04   4.54775285e+00  6.92929437e-310
  1.37000000e-04   4.55417781e+00  6.92929437e-310
  1.37200000e-04   4.56764274e+00  6.92929437e-310
  1.37300000e-04   4.57486048e+00  6.92929437e-310
  1.37400000e-04   4.58213363e+00  6.92929437e-310
  1.37600000e-04   4.59669241e+00  6.92929437e-310
  1.37700000e-04   4.60421766e+00  6.92929437e-310
  1.37800000e-04   4.61170235e+00  6.92929437e-310
  1.38000000e-04   4.62631521e+00  6.92929437e-310
  1.38100000e-04   4.63379068e+00  6.92929437e-310
  1.38200000e-04   4.64144802e+00  6.92929437e-310
  1.38400000e-04   4.65766664e+00  6.92929437e-310
  1.38500000e-04   4.66564750e+00  6.92929437e-310
  1.38600000e-04   4.67342818e+00  6.92929437e-310
  1.38800000e-04   4.68852317e+00  6.92929437e-310
  1.38900000e-04   4.69569053e+00  6.92929437e-310
  1.39000000e-04   4.70224127e+00  6.92929437e-310
  1.39200000e-04   4.71509361e+00  6.92929437e-310
  1.39300000e-04   4.72168208e+00  6.92929437e-310
  1.39400000e-04   4.72828466e+00  6.92929437e-310
  1.39600000e-04   4.74192239e+00  6.92929437e-310
  1.39700000e-04   4.74925419e+00  6.92929437e-310
  1.39800000e-04   4.75652166e+00  6.92929437e-310
  1.40000000e-04   4.77092823e+00  6.92929437e-310
  1.40100000e-04   4.77794058e+00  6.92929437e-310
  1.40200000e-04   4.78488669e+00  6.92929437e-310
  1.40400000e-04   4.79845262e+00  6.92929437e-310
  1.40500000e-04   4.80538900e+00  6.92929437e-310
  1.40600000e-04   4.81261830e+00  6.92929437e-310
  1.40800000e-04   4.82774060e+00  6.92929437e-310
  1.40900000e-04   4.83559500e+00  6.92929437e-310
  1.41000000e-04   4.84373386e+00  6.92929437e-310
  1.41200000e-04   4.86026567e+00  6.92929437e-310
  1.41300000e-04   4.86838105e+00  6.92929437e-310
  1.41400000e-04   4.87639423e+00  6.92929437e-310
  1.41600000e-04   4.89224199e+00  6.92929437e-310
  1.41700000e-04   4.89998361e+00  6.92929437e-310
  1.41800000e-04   4.90793653e+00  6.92929437e-310
  1.42000000e-04   4.92378346e+00  6.92929437e-310
  1.42100000e-04   4.93151882e+00  6.92929437e-310
  1.42200000e-04   4.93900933e+00  6.92929437e-310
  1.42400000e-04   4.95325450e+00  6.92929437e-310
  1.42500000e-04   4.96017507e+00  6.92929437e-310
  1.42600000e-04   4.96701774e+00  6.92929437e-310
  1.42800000e-04   4.98064443e+00  6.92929437e-310
  1.42900000e-04   4.98681597e+00  6.92929437e-310
  1.43000000e-04   4.99307463e+00  6.92929437e-310
  1.43200000e-04   5.00507764e+00  6.92929437e-310
  1.43300000e-04   5.01132079e+00  6.92929437e-310
  1.43400000e-04   5.01756348e+00  6.92929437e-310
  1.43600000e-04   5.02997202e+00  6.92929437e-310
  1.43700000e-04   5.03626232e+00  6.92929437e-310
  1.43800000e-04   5.04246903e+00  6.92929437e-310
  1.44000000e-04   5.05439113e+00  6.92929437e-310
  1.44100000e-04   5.06040213e+00  6.92929437e-310
  1.44200000e-04   5.06670605e+00  6.92929437e-310
  1.44400000e-04   5.07921686e+00  6.92929437e-310
  1.44500000e-04   5.08572064e+00  6.92929437e-310
  1.44600000e-04   5.09224668e+00  6.92929437e-310
  1.44800000e-04   5.10497241e+00  6.92929437e-310
  1.44900000e-04   5.11142066e+00  6.92929437e-310
  1.45000000e-04   5.11780975e+00  6.92929437e-310
  1.45200000e-04   5.13036609e+00  6.92929437e-310
  1.45300000e-04   5.13622478e+00  6.92929437e-310
  1.45400000e-04   5.14208418e+00  6.92929437e-310
  1.45600000e-04   5.15406367e+00  6.92929437e-310
  1.45700000e-04   5.15960662e+00  6.92929437e-310
  1.45800000e-04   5.16522360e+00  6.92929437e-310
  1.46000000e-04   5.17831185e+00  6.92929437e-310
  1.46100000e-04   5.18536341e+00  6.92929437e-310
  1.46200000e-04   5.19197268e+00  6.92929437e-310
  1.46400000e-04   5.20469166e+00  6.92929437e-310
  1.46500000e-04   5.21077381e+00  6.92929437e-310
  1.46600000e-04   5.21702666e+00  6.92929437e-310
  1.46800000e-04   5.23064164e+00  6.92929437e-310
  1.46900000e-04   5.23740240e+00  6.92929437e-310
  1.47000000e-04   5.24341060e+00  6.92929437e-310
  1.47200000e-04   5.25430364e+00  6.92929437e-310
  1.47300000e-04   5.25919427e+00  6.92929437e-310
  1.47400000e-04   5.26396479e+00  6.92929437e-310
  1.47600000e-04   5.27404411e+00  6.92929437e-310
  1.47700000e-04   5.27854028e+00  6.92929437e-310
  1.47800000e-04   5.28298366e+00  6.92929437e-310
  1.48000000e-04   5.29055798e+00  6.92929437e-310
  1.48100000e-04   5.29332824e+00  6.92929437e-310
  1.48200000e-04   5.29551790e+00  6.92929437e-310
  1.48400000e-04   5.30041775e+00  6.92929437e-310
  1.48500000e-04   5.30312721e+00  6.92929437e-310
  1.48600000e-04   5.30601284e+00  6.92929437e-310
  1.48800000e-04   5.31230719e+00  6.92929437e-310
  1.48900000e-04   5.31532080e+00  6.92929437e-310
  1.49000000e-04   5.31808038e+00  6.92929437e-310
  1.49200000e-04   5.32358954e+00  6.92929437e-310
  1.49300000e-04   5.32662900e+00  6.92929437e-310
  1.49400000e-04   5.33005715e+00  6.92929437e-310
  1.49600000e-04   5.33811179e+00  6.92929437e-310
  1.49700000e-04   5.34258717e+00  6.92929437e-310
  1.49800000e-04   5.34742394e+00  6.92929437e-310
  1.50000000e-04   5.35817707e+00  6.92929437e-310
  1.50100000e-04   5.36340120e+00  6.92929437e-310
  1.50200000e-04   5.36815915e+00  6.92929437e-310
  1.50400000e-04   5.37689939e+00  6.92929437e-310
  1.50500000e-04   5.38144365e+00  6.92929437e-310
  1.50600000e-04   5.38597832e+00  6.92929437e-310
  1.50800000e-04   5.39461321e+00  6.92929437e-310
  1.50900000e-04   5.39958833e+00  6.92929437e-310
  1.51000000e-04   5.40487193e+00  6.92929437e-310
  1.51200000e-04   5.41447839e+00  6.92929437e-310
  1.51300000e-04   5.41880161e+00  6.92929437e-310
  1.51400000e-04   5.42297728e+00  6.92929437e-310
  1.51600000e-04   5.43141565e+00  6.92929437e-310
  1.51700000e-04   5.43612040e+00  6.92929437e-310
  1.51800000e-04   5.44084187e+00  6.92929437e-310
  1.52000000e-04   5.45046408e+00  6.92929437e-310
  1.52100000e-04   5.45548184e+00  6.92929437e-310
  1.52200000e-04   5.45993945e+00  6.92929437e-310
  1.52400000e-04   5.46761661e+00  6.92929437e-310
  1.52500000e-04   5.47101699e+00  6.92929437e-310
  1.52600000e-04   5.47400185e+00  6.92929437e-310
  1.52800000e-04   5.47841487e+00  6.92929437e-310
  1.52900000e-04   5.48046506e+00  6.92929437e-310
  1.53000000e-04   5.48217556e+00  6.92929437e-310
  1.53200000e-04   5.48368219e+00  6.92929437e-310
  1.53300000e-04   5.48408585e+00  6.92929437e-310
  1.53400000e-04   5.48468797e+00  6.92929437e-310
  1.53600000e-04   5.48603025e+00  6.92929437e-310
  1.53700000e-04   5.48660731e+00  6.92929437e-310
  1.53800000e-04   5.48710302e+00  6.92929437e-310
  1.54000000e-04   5.48751839e+00  6.92929437e-310
  1.54100000e-04   5.48813370e+00  6.92929437e-310
  1.54200000e-04   5.48950711e+00  6.92929437e-310
  1.54400000e-04   5.49241160e+00  6.92929437e-310
  1.54500000e-04   5.49411321e+00  6.92929437e-310
  1.54600000e-04   5.49691369e+00  6.92929437e-310
  1.54800000e-04   5.50417214e+00  6.92929437e-310
  1.54900000e-04   5.50838443e+00  6.92929437e-310
  1.55000000e-04   5.51254862e+00  6.92929437e-310
  1.55200000e-04   5.51824032e+00  6.92929437e-310
  1.55300000e-04   5.52105998e+00  6.92929437e-310
  1.55400000e-04   5.52438068e+00  6.92929437e-310
  1.55600000e-04   5.53150512e+00  6.92929437e-310
  1.55700000e-04   5.53553164e+00  6.92929437e-310
  1.55800000e-04   5.53936596e+00  6.92929437e-310
  1.56000000e-04   5.54523230e+00  6.92929437e-310
  1.56100000e-04   5.54723079e+00  6.92929437e-310
  1.56200000e-04   5.54895150e+00  6.92929437e-310
  1.56400000e-04   5.55187568e+00  6.92929437e-310
  1.56500000e-04   5.55302088e+00  6.92929437e-310
  1.56600000e-04   5.55393033e+00  6.92929437e-310
  1.56800000e-04   5.55550407e+00  6.92929437e-310
  1.56900000e-04   5.55621068e+00  6.92929437e-310
  1.57000000e-04   5.55671839e+00  6.92929437e-310
  1.57200000e-04   5.55825639e+00  6.92929437e-310
  1.57300000e-04   5.55901580e+00  6.92929437e-310
  1.57400000e-04   5.55916269e+00  6.92929437e-310
  1.57600000e-04   5.55943820e+00  6.92929437e-310
  1.57700000e-04   5.55990333e+00  6.92929437e-310
  1.57800000e-04   5.56017291e+00  6.92929437e-310
  1.58000000e-04   5.56050901e+00  6.92929437e-310
  1.58100000e-04   5.56130980e+00  6.92929437e-310
  1.58200000e-04   5.56247947e+00  6.92929437e-310
  1.58400000e-04   5.56513184e+00  6.92929437e-310
  1.58500000e-04   5.56687854e+00  6.92929437e-310
  1.58600000e-04   5.56895435e+00  6.92929437e-310
  1.58800000e-04   5.57432613e+00  6.92929437e-310
  1.58900000e-04   5.57775461e+00  6.92929437e-310
  1.59000000e-04   5.58133760e+00  6.92929437e-310
  1.59200000e-04   5.58872723e+00  6.92929437e-310
  1.59300000e-04   5.59256478e+00  6.92929437e-310
  1.59400000e-04   5.59632152e+00  6.92929437e-310
  1.59600000e-04   5.60365901e+00  6.92929437e-310
  1.59700000e-04   5.60816044e+00  6.92929437e-310
  1.59800000e-04   5.61296175e+00  6.92929437e-310
  1.60000000e-04   5.62033612e+00  6.92929437e-310
  1.60100000e-04   5.62278294e+00  6.92929437e-310
  1.60200000e-04   5.62511651e+00  6.92929437e-310
  1.60400000e-04   5.63033892e+00  6.92929437e-310
  1.60500000e-04   5.63313306e+00  6.92929437e-310
  1.60600000e-04   5.63585735e+00  6.92929437e-310
  1.60800000e-04   5.64050083e+00  6.92929437e-310
  1.60900000e-04   5.64255725e+00  6.92929437e-310
  1.61000000e-04   5.64406800e+00  6.92929437e-310
  1.61200000e-04   5.64574990e+00  6.92929437e-310
  1.61300000e-04   5.64639622e+00  6.92929437e-310
  1.61400000e-04   5.64668030e+00  6.92929437e-310
  1.61600000e-04   5.64745749e+00  6.92929437e-310
  1.61700000e-04   5.64789579e+00  6.92929437e-310
  1.61800000e-04   5.64826873e+00  6.92929437e-310
  1.62000000e-04   5.64935811e+00  6.92929437e-310
  1.62100000e-04   5.64979210e+00  6.92929437e-310
  1.62200000e-04   5.65014156e+00  6.92929437e-310
  1.62400000e-04   5.65223954e+00  6.92929437e-310
  1.62500000e-04   5.65271768e+00  6.92929437e-310
  1.62600000e-04   5.65289248e+00  6.92929437e-310
  1.62800000e-04   5.65359750e+00  6.92929437e-310
  1.62900000e-04   5.65378658e+00  6.92929437e-310
  1.63000000e-04   5.65380993e+00  6.92929437e-310
  1.63200000e-04   5.65385089e+00  6.92929437e-310
  1.63300000e-04   5.65385953e+00  6.92929437e-310
  1.63400000e-04   5.65386860e+00  6.92929437e-310
  1.63600000e-04   5.65388643e+00  6.92929437e-310
  1.63700000e-04   5.65389799e+00  6.92929437e-310
  1.63800000e-04   5.65390713e+00  6.92929437e-310
  1.64000000e-04   5.65392788e+00  6.92929437e-310
  1.64100000e-04   5.65394764e+00  6.92929437e-310
  1.64200000e-04   5.65396505e+00  6.92929437e-310
  1.64400000e-04   5.65414889e+00  6.92929437e-310
  1.64500000e-04   5.65419475e+00  6.92929437e-310
  1.64600000e-04   5.65423075e+00  6.92929437e-310
  1.64800000e-04   5.65428255e+00  6.92929437e-310
  1.64900000e-04   5.65429153e+00  6.92929437e-310
  1.65000000e-04   5.65430060e+00  6.92929437e-310
  1.65200000e-04   5.65432252e+00  6.92929437e-310
  1.65300000e-04   5.65435032e+00  6.92929437e-310
  1.65400000e-04   5.65436721e+00  6.92929437e-310
  1.65600000e-04   5.65440369e+00  6.92929437e-310
  1.65700000e-04   5.65442283e+00  6.92929437e-310
  1.65800000e-04   5.65443064e+00  6.92929437e-310
  1.66000000e-04   5.65448153e+00  6.92929437e-310
  1.66100000e-04   5.65450013e+00  6.92929437e-310
  1.66200000e-04   5.65451102e+00  6.92929437e-310
  1.66400000e-04   5.65452452e+00  6.92929437e-310
  1.66500000e-04   5.65457507e+00  6.92929437e-310
  1.66600000e-04   5.65460676e+00  6.92929437e-310
  1.66800000e-04   5.65462680e+00  6.92929437e-310
  1.66900000e-04   5.65464045e+00  6.92929437e-310
  1.67000000e-04   5.65466328e+00  6.92929437e-310
  1.67200000e-04   5.65472737e+00  6.92929437e-310
  1.67300000e-04   5.65474104e+00  6.92929437e-310
  1.67400000e-04   5.65474768e+00  6.92929437e-310
  1.67600000e-04   5.65477422e+00  6.92929437e-310
  1.67700000e-04   5.65479139e+00  6.92929437e-310
  1.67800000e-04   5.65480171e+00  6.92929437e-310
  1.68000000e-04   5.65484351e+00  6.92929437e-310
  1.68100000e-04   5.65485595e+00  6.92929437e-310
  1.68200000e-04   5.65486732e+00  6.92929437e-310
  1.68400000e-04   5.65487993e+00  6.92929437e-310
  1.68500000e-04   5.65488837e+00  6.92929437e-310
  1.68600000e-04   5.65489544e+00  6.92929437e-310
  1.68800000e-04   5.65492225e+00  6.92929437e-310
  1.68900000e-04   5.65494077e+00  6.92929437e-310
  1.69000000e-04   5.65497322e+00  6.92929437e-310
  1.69200000e-04   5.65504496e+00  6.92929437e-310
  1.69300000e-04   5.65504970e+00  6.92929437e-310
  1.69400000e-04   5.65515009e+00  6.92929437e-310
  1.69600000e-04   5.65538873e+00  6.92929437e-310
  1.69700000e-04   5.65566401e+00  6.92929437e-310
  1.69800000e-04   5.65610904e+00  6.92929437e-310
  1.70000000e-04   5.65697940e+00  6.92929437e-310
  1.70100000e-04   5.65762875e+00  6.92929437e-310
  1.70200000e-04   5.65848871e+00  6.92929437e-310
  1.70400000e-04   5.65936031e+00  6.92929437e-310
  1.70500000e-04   5.65972434e+00  6.92929437e-310
  1.70600000e-04   5.66035843e+00  6.92929437e-310
  1.70800000e-04   5.66071532e+00  6.92929437e-310
  1.70900000e-04   5.66079312e+00  6.92929437e-310
  1.71000000e-04   5.66090616e+00  6.92929437e-310
  1.71200000e-04   5.66108788e+00  6.92929437e-310
  1.71300000e-04   5.66151266e+00  6.92929437e-310
  1.71400000e-04   5.66205930e+00  6.92929437e-310
  1.71600000e-04   5.66285580e+00  6.92929437e-310
  1.71700000e-04   5.66369289e+00  6.92929437e-310
  1.71800000e-04   5.66455896e+00  6.92929437e-310
  1.72000000e-04   5.66539189e+00  6.92929437e-310
  1.72100000e-04   5.66559363e+00  6.92929437e-310
  1.72200000e-04   5.66597312e+00  6.92929437e-310
  1.72400000e-04   5.66633261e+00  6.92929437e-310
  1.72500000e-04   5.66639477e+00  6.92929437e-310
  1.72600000e-04   5.66645073e+00  6.92929437e-310
  1.72800000e-04   5.66662887e+00  6.92929437e-310
  1.72900000e-04   5.66668795e+00  6.92929437e-310
  1.73000000e-04   5.66678949e+00  6.92929437e-310
  1.73200000e-04   5.66684054e+00  6.92929437e-310
  1.73300000e-04   5.66699645e+00  6.92929437e-310
  1.73400000e-04   5.66712230e+00  6.92929437e-310
  1.73600000e-04   5.66714370e+00  6.92929437e-310
  1.73700000e-04   5.66716815e+00  6.92929437e-310
  1.73800000e-04   5.66718707e+00  6.92929437e-310
  1.74000000e-04   5.66720967e+00  6.92929437e-310
  1.74100000e-04   5.66723616e+00  6.92929437e-310
  1.74200000e-04   5.66731031e+00  6.92929437e-310
  1.74400000e-04   5.66736535e+00  6.92929437e-310
  1.74500000e-04   5.66737483e+00  6.92929437e-310
  1.74600000e-04   5.66738518e+00  6.92929437e-310
  1.74800000e-04   5.66740299e+00  6.92929437e-310
  1.74900000e-04   5.66741186e+00  6.92929437e-310
  1.75000000e-04   5.66743596e+00  6.92929437e-310
  1.75200000e-04   5.66746375e+00  6.92929437e-310
  1.75300000e-04   5.66747041e+00  6.92929437e-310
  1.75400000e-04   5.66747549e+00  6.92929437e-310
  1.75600000e-04   5.66748633e+00  6.92929437e-310
  1.75700000e-04   5.66749524e+00  6.92929437e-310
  1.75800000e-04   5.66749991e+00  6.92929437e-310
  1.76000000e-04   5.66752474e+00  6.92929437e-310
  1.76100000e-04   5.66753053e+00  6.92929437e-310
  1.76200000e-04   5.66753631e+00  6.92929437e-310
  1.76400000e-04   5.66755014e+00  6.92929437e-310
  1.76500000e-04   5.66756331e+00  6.92929437e-310
  1.76600000e-04   5.66757282e+00  6.92929437e-310
  1.76800000e-04   5.66758666e+00  6.92929437e-310
  1.76900000e-04   5.66758990e+00  6.92929437e-310
  1.77000000e-04   5.66759752e+00  6.92929437e-310
  1.77200000e-04   5.66761179e+00  6.92929437e-310
  1.77300000e-04   5.66762845e+00  6.92929437e-310
  1.77400000e-04   5.66763211e+00  6.92929437e-310
  1.77600000e-04   5.66764768e+00  6.92929437e-310
  1.77700000e-04   5.66765690e+00  6.92929437e-310
  1.77800000e-04   5.66768289e+00  6.92929437e-310
  1.78000000e-04   5.66774103e+00  6.92929437e-310
  1.78100000e-04   5.66775888e+00  6.92929437e-310
  1.78200000e-04   5.66778588e+00  6.92929437e-310
  1.78400000e-04   5.66782864e+00  6.92929437e-310
  1.78500000e-04   5.66784734e+00  6.92929437e-310
  1.78600000e-04   5.66785863e+00  6.92929437e-310
  1.78800000e-04   5.66789721e+00  6.92929437e-310
  1.78900000e-04   5.66790976e+00  6.92929437e-310
  1.79000000e-04   5.66791468e+00  6.92929437e-310
  1.79200000e-04   5.66793329e+00  6.92929437e-310
  1.79300000e-04   5.66794040e+00  6.92929437e-310
  1.79400000e-04   5.66794296e+00  6.92929437e-310
  1.79600000e-04   5.66800285e+00  6.92929437e-310
  1.79700000e-04   5.66801588e+00  6.92929437e-310
  1.79800000e-04   5.66802547e+00  6.92929437e-310
  1.80000000e-04   5.66804116e+00  6.92929437e-310
  1.80100000e-04   5.66804977e+00  6.92929437e-310
  1.80200000e-04   5.66806185e+00  6.92929437e-310
  1.80400000e-04   5.66807953e+00  6.92929437e-310
  1.80500000e-04   5.66809630e+00  6.92929437e-310
  1.80600000e-04   5.66810415e+00  6.92929437e-310
  1.80800000e-04   5.66814817e+00  6.92929437e-310
  1.80900000e-04   5.66815543e+00  6.92929437e-310
  1.81000000e-04   5.66815937e+00  6.92929437e-310
  1.81200000e-04   5.66816878e+00  6.92929437e-310
  1.81300000e-04   5.66817737e+00  6.92929437e-310
  1.81400000e-04   5.66819469e+00  6.92929437e-310
  1.81600000e-04   5.66822510e+00  6.92929437e-310
  1.81700000e-04   5.66823475e+00  6.92929437e-310
  1.81800000e-04   5.66824499e+00  6.92929437e-310
  1.82000000e-04   5.66829589e+00  6.92929437e-310
  1.82100000e-04   5.66831111e+00  6.92929437e-310
  1.82200000e-04   5.66832051e+00  6.92929437e-310
  1.82400000e-04   5.66835458e+00  6.92929437e-310
  1.82500000e-04   5.66836817e+00  6.92929437e-310
  1.82600000e-04   5.66837570e+00  6.92929437e-310
  1.82800000e-04   5.66838133e+00  6.92929437e-310
  1.82900000e-04   5.66838970e+00  6.92929437e-310
  1.83000000e-04   5.66841155e+00  6.92929437e-310
  1.83200000e-04   5.66845729e+00  6.92929437e-310
  1.83300000e-04   5.66846342e+00  6.92929437e-310
  1.83400000e-04   5.66848018e+00  6.92929437e-310
  1.83600000e-04   5.66861970e+00  6.92929437e-310
  1.83700000e-04   5.66900848e+00  6.92929437e-310
  1.83800000e-04   5.66958002e+00  6.92929437e-310
  1.84000000e-04   5.67057326e+00  6.92929437e-310
  1.84100000e-04   5.67090442e+00  6.92929437e-310
  1.84200000e-04   5.67129186e+00  6.92929437e-310
  1.84400000e-04   5.67205389e+00  6.92929437e-310
  1.84500000e-04   5.67210926e+00  6.92929437e-310
  1.84600000e-04   5.67211092e+00  6.92929437e-310
  1.84800000e-04   5.67211475e+00  6.92929437e-310
  1.84900000e-04   5.67211566e+00  6.92929437e-310
  1.85000000e-04   5.67214345e+00  6.92929437e-310
  1.85200000e-04   5.67215201e+00  6.92929437e-310
  1.85300000e-04   5.67215275e+00  6.92929437e-310
  1.85400000e-04   5.67216445e+00  6.92929437e-310
  1.85600000e-04   5.67218152e+00  6.92929437e-310
  1.85700000e-04   5.67220383e+00  6.92929437e-310
  1.85800000e-04   5.67221665e+00  6.92929437e-310
  1.86000000e-04   5.67248321e+00  6.92929437e-310
  1.86100000e-04   5.67272197e+00  6.92929437e-310
  1.86200000e-04   5.67275781e+00  6.92929437e-310
  1.86400000e-04   5.67278617e+00  6.92929437e-310
  1.86500000e-04   5.67278990e+00  6.92929437e-310
  1.86600000e-04   5.67279868e+00  6.92929437e-310
  1.86800000e-04   5.67280597e+00  6.92929437e-310
  1.86900000e-04   5.67280715e+00  6.92929437e-310
  1.87000000e-04   5.67280947e+00  6.92929437e-310
  1.87200000e-04   5.67283340e+00  6.92929437e-310
  1.87300000e-04   5.67284508e+00  6.92929437e-310
  1.87400000e-04   5.67285068e+00  6.92929437e-310
  1.87600000e-04   5.67287383e+00  6.92929437e-310
  1.87700000e-04   5.67289762e+00  6.92929437e-310
  1.87800000e-04   5.67290852e+00  6.92929437e-310
  1.88000000e-04   5.67295057e+00  6.92929437e-310
  1.88100000e-04   5.67296290e+00  6.92929437e-310
  1.88200000e-04   5.67297320e+00  6.92929437e-310
  1.88400000e-04   5.67299228e+00  6.92929437e-310
  1.88500000e-04   5.67301355e+00  6.92929437e-310
  1.88600000e-04   5.67305771e+00  6.92929437e-310
  1.88800000e-04   5.67311254e+00  6.92929437e-310
  1.88900000e-04   5.67313251e+00  6.92929437e-310
  1.89000000e-04   5.67314150e+00  6.92929437e-310
  1.89200000e-04   5.67317478e+00  6.92929437e-310
  1.89300000e-04   5.67317970e+00  6.92929437e-310
  1.89400000e-04   5.67319882e+00  6.92929437e-310
  1.89600000e-04   5.67322379e+00  6.92929437e-310
  1.89700000e-04   5.67322479e+00  6.92929437e-310
  1.89800000e-04   5.67322585e+00  6.92929437e-310
  1.90000000e-04   5.67322990e+00  6.92929437e-310
  1.90100000e-04   5.67323667e+00  6.92929437e-310
  1.90200000e-04   5.67325319e+00  6.92929437e-310
  1.90400000e-04   5.67330430e+00  6.92929437e-310
  1.90500000e-04   5.67331481e+00  6.92929437e-310
  1.90600000e-04   5.67333230e+00  6.92929437e-310
  1.90800000e-04   5.67336286e+00  6.92929437e-310
  1.90900000e-04   5.67337156e+00  6.92929437e-310
  1.91000000e-04   5.67339551e+00  6.92929437e-310
  1.91200000e-04   5.67341743e+00  6.92929437e-310
  1.91300000e-04   5.67342216e+00  6.92929437e-310
  1.91400000e-04   5.67344063e+00  6.92929437e-310
  1.91600000e-04   5.67347093e+00  6.92929437e-310
  1.91700000e-04   5.67347959e+00  6.92929437e-310
  1.91800000e-04   5.67348142e+00  6.92929437e-310
  1.92000000e-04   5.67348751e+00  6.92929437e-310
  1.92100000e-04   5.67349130e+00  6.92929437e-310
  1.92200000e-04   5.67349380e+00  6.92929437e-310
  1.92400000e-04   5.67352819e+00  6.92929437e-310
  1.92500000e-04   5.67355163e+00  6.92929437e-310
  1.92600000e-04   5.67356422e+00  6.92929437e-310
  1.92800000e-04   5.67361174e+00  6.92929437e-310
  1.92900000e-04   5.67363368e+00  6.92929437e-310
  1.93000000e-04   5.67363923e+00  6.92929437e-310
  1.93200000e-04   5.67366502e+00  6.92929437e-310
  1.93300000e-04   5.67368748e+00  6.92929437e-310
  1.93400000e-04   5.67370013e+00  6.92929437e-310
  1.93600000e-04   5.67372951e+00  6.92929437e-310
  1.93700000e-04   5.67373345e+00  6.92929437e-310
  1.93800000e-04   5.67374714e+00  6.92929437e-310
  1.94000000e-04   5.67379163e+00  6.92929437e-310
  1.94100000e-04   5.67381017e+00  6.92929437e-310
  1.94200000e-04   5.67382258e+00  6.92929437e-310
  1.94400000e-04   5.67384493e+00  6.92929437e-310
  1.94500000e-04   5.67385206e+00  6.92929437e-310
  1.94600000e-04   5.67386298e+00  6.92929437e-310
  1.94800000e-04   5.67388043e+00  6.92929437e-310
  1.94900000e-04   5.67388345e+00  6.92929437e-310
  1.95000000e-04   5.67388618e+00  6.92929437e-310
  1.95200000e-04   5.67392136e+00  6.92929437e-310
  1.95300000e-04   5.67393133e+00  6.92929437e-310
  1.95400000e-04   5.67393900e+00  6.92929437e-310
  1.95600000e-04   5.67395864e+00  6.92929437e-310
  1.95700000e-04   5.67396314e+00  6.92929437e-310
  1.95800000e-04   5.67397883e+00  6.92929437e-310
  1.96000000e-04   5.67398241e+00  6.92929437e-310
  1.96100000e-04   5.67398767e+00  6.92929437e-310
  1.96200000e-04   5.67399183e+00  6.92929437e-310
  1.96400000e-04   5.67402351e+00  6.92929437e-310
  1.96500000e-04   5.67402481e+00  6.92929437e-310
  1.96600000e-04   5.67402587e+00  6.92929437e-310
  1.96800000e-04   5.67403092e+00  6.92929437e-310
  1.96900000e-04   5.67403253e+00  6.92929437e-310
  1.97000000e-04   5.67404357e+00  6.92929437e-310
  1.97200000e-04   5.67407277e+00  6.92929437e-310
  1.97300000e-04   5.67408223e+00  6.92929437e-310
  1.97400000e-04   5.67408580e+00  6.92929437e-310
  1.97600000e-04   5.67412745e+00  6.92929437e-310
  1.97700000e-04   5.67412848e+00  6.92929437e-310
  1.97800000e-04   5.67416307e+00  6.92929437e-310
  1.98000000e-04   5.67420507e+00  6.92929437e-310
  1.98100000e-04   5.67422184e+00  6.92929437e-310
  1.98200000e-04   5.67422628e+00  6.92929437e-310
  1.98400000e-04   5.67423561e+00  6.92929437e-310
  1.98500000e-04   5.67423876e+00  6.92929437e-310
  1.98600000e-04   5.67424198e+00  6.92929437e-310
  1.98800000e-04   5.67425185e+00  6.92929437e-310
  1.98900000e-04   5.67428151e+00  6.92929437e-310
  1.99000000e-04   5.67428970e+00  6.92929437e-310
  1.99200000e-04   5.67429985e+00  6.92929437e-310
  1.99300000e-04   5.67430581e+00  6.92929437e-310
  1.99400000e-04   5.67431678e+00  6.92929437e-310
  1.99600000e-04   5.67434114e+00  6.92929437e-310
  1.99700000e-04   5.67434440e+00  6.92929437e-310
  1.99800000e-04   5.67435948e+00  6.92929437e-310
  2.00000000e-04   5.67439497e+00  6.92929437e-310
  2.00100000e-04   5.67442282e+00  6.92929437e-310
  2.00200000e-04   5.67443346e+00  6.92929437e-310
  2.00400000e-04   5.67447833e+00  6.92929437e-310
  2.00500000e-04   5.67448557e+00  6.92929437e-310
  2.00600000e-04   5.67448826e+00  6.92929437e-310
  2.00800000e-04   5.67452849e+00  6.92929437e-310
  2.00900000e-04   5.67455649e+00  6.92929437e-310
  2.01000000e-04   5.67457881e+00  6.92929437e-310
  2.01200000e-04   5.67460669e+00  6.92929437e-310
  2.01300000e-04   5.67461082e+00  6.92929437e-310
  2.01400000e-04   5.67461478e+00  6.92929437e-310
  2.01600000e-04   5.67463606e+00  6.92929437e-310
  2.01700000e-04   5.67466908e+00  6.92929437e-310
  2.01800000e-04   5.67470362e+00  6.92929437e-310
  2.02000000e-04   5.67474071e+00  6.92929437e-310
  2.02100000e-04   5.67474378e+00  6.92929437e-310
  2.02200000e-04   5.67474397e+00  6.92929437e-310
  2.02400000e-04   5.67475470e+00  6.92929437e-310
  2.02500000e-04   5.67476032e+00  6.92929437e-310
  2.02600000e-04   5.67476178e+00  6.92929437e-310
  2.02800000e-04   5.67483165e+00  6.92929437e-310
  2.02900000e-04   5.67484514e+00  6.92929437e-310
  2.03000000e-04   5.67487533e+00  6.92929437e-310
  2.03200000e-04   5.67490166e+00  6.92929437e-310
  2.03300000e-04   5.67492587e+00  6.92929437e-310
  2.03400000e-04   5.67494557e+00  6.92929437e-310
  2.03600000e-04   5.67495961e+00  6.92929437e-310
  2.03700000e-04   5.67497332e+00  6.92929437e-310
  2.03800000e-04   5.67497504e+00  6.92929437e-310
  2.04000000e-04   5.67499648e+00  6.92929437e-310
  2.04100000e-04   5.67501147e+00  6.92929437e-310
  2.04200000e-04   5.67502220e+00  6.92929437e-310
  2.04400000e-04   5.67502851e+00  6.92929437e-310
  2.04500000e-04   5.67503871e+00  6.92929437e-310
  2.04600000e-04   5.67504547e+00  6.92929437e-310
  2.04800000e-04   5.67507861e+00  6.92929437e-310
  2.04900000e-04   5.67509474e+00  6.92929437e-310
  2.05000000e-04   5.67512480e+00  6.92929437e-310
  2.05200000e-04   5.67515594e+00  6.92929437e-310
  2.05300000e-04   5.67516009e+00  6.92929437e-310
  2.05400000e-04   5.67516845e+00  6.92929437e-310
  2.05600000e-04   5.67517183e+00  6.92929437e-310
  2.05700000e-04   5.67520597e+00  6.92929437e-310
  2.05800000e-04   5.67522606e+00  6.92929437e-310
  2.06000000e-04   5.67523495e+00  6.92929437e-310
  2.06100000e-04   5.67526108e+00  6.92929437e-310
  2.06200000e-04   5.67527703e+00  6.92929437e-310
  2.06400000e-04   5.67529456e+00  6.92929437e-310
  2.06500000e-04   5.67529616e+00  6.92929437e-310
  2.06600000e-04   5.67530687e+00  6.92929437e-310
  2.06800000e-04   5.67533014e+00  6.92929437e-310
  2.06900000e-04   5.67534169e+00  6.92929437e-310
  2.07000000e-04   5.67538222e+00  6.92929437e-310
  2.07200000e-04   5.67546325e+00  6.92929437e-310
  2.07300000e-04   5.67548691e+00  6.92929437e-310
  2.07400000e-04   5.67550323e+00  6.92929437e-310
  2.07600000e-04   5.67554241e+00  6.92929437e-310
  2.07700000e-04   5.67555844e+00  6.92929437e-310
  2.07800000e-04   5.67559981e+00  6.92929437e-310
  2.08000000e-04   5.67564371e+00  6.92929437e-310
  2.08100000e-04   5.67565141e+00  6.92929437e-310
  2.08200000e-04   5.67566471e+00  6.92929437e-310
  2.08400000e-04   5.67569577e+00  6.92929437e-310
  2.08500000e-04   5.67570858e+00  6.92929437e-310
  2.08600000e-04   5.67571981e+00  6.92929437e-310
  2.08800000e-04   5.67577920e+00  6.92929437e-310
  2.08900000e-04   5.67579664e+00  6.92929437e-310
  2.09000000e-04   5.67580663e+00  6.92929437e-310
  2.09200000e-04   5.67581673e+00  6.92929437e-310
  2.09300000e-04   5.67583470e+00  6.92929437e-310
  2.09400000e-04   5.67584551e+00  6.92929437e-310
  2.09600000e-04   5.67584990e+00  6.92929437e-310
  2.09700000e-04   5.67585043e+00  6.92929437e-310
  2.09800000e-04   5.67585902e+00  6.92929437e-310
  2.10000000e-04   5.67590516e+00  6.92929437e-310
  2.10100000e-04   5.67591972e+00  6.92929437e-310
  2.10200000e-04   5.67593344e+00  6.92929437e-310
  2.10400000e-04   5.67594859e+00  6.92929437e-310
  2.10500000e-04   5.67596345e+00  6.92929437e-310
  2.10600000e-04   5.67598513e+00  6.92929437e-310
  2.10800000e-04   5.67604795e+00  6.92929437e-310
  2.10900000e-04   5.67608307e+00  6.92929437e-310
  2.11000000e-04   5.67610873e+00  6.92929437e-310
  2.11200000e-04   5.67614054e+00  6.92929437e-310
  2.11300000e-04   5.67615128e+00  6.92929437e-310
  2.11400000e-04   5.67615946e+00  6.92929437e-310
  2.11600000e-04   5.67619351e+00  6.92929437e-310
  2.11700000e-04   5.67619733e+00  6.92929437e-310
  2.11800000e-04   5.67621904e+00  6.92929437e-310
  2.12000000e-04   5.67622574e+00  6.92929437e-310
  2.12100000e-04   5.67623731e+00  6.92929437e-310
  2.12200000e-04   5.67624788e+00  6.92929437e-310
  2.12400000e-04   5.67626759e+00  6.92929437e-310
  2.12500000e-04   5.67627444e+00  6.92929437e-310
  2.12600000e-04   5.67630388e+00  6.92929437e-310
  2.12800000e-04   5.67635511e+00  6.92929437e-310
  2.12900000e-04   5.67636055e+00  6.92929437e-310
  2.13000000e-04   5.67636369e+00  6.92929437e-310
  2.13200000e-04   5.67639450e+00  6.92929437e-310
  2.13300000e-04   5.67640739e+00  6.92929437e-310
  2.13400000e-04   5.67641196e+00  6.92929437e-310
  2.13600000e-04   5.67641889e+00  6.92929437e-310
  2.13700000e-04   5.67641998e+00  6.92929437e-310
  2.13800000e-04   5.67642425e+00  6.92929437e-310
  2.14000000e-04   5.67645331e+00  6.92929437e-310
  2.14100000e-04   5.67646459e+00  6.92929437e-310
  2.14200000e-04   5.67647027e+00  6.92929437e-310
  2.14400000e-04   5.67650262e+00  6.92929437e-310
  2.14500000e-04   5.67651286e+00  6.92929437e-310
  2.14600000e-04   5.67652414e+00  6.92929437e-310
  2.14800000e-04   5.67655727e+00  6.92929437e-310
  2.14900000e-04   5.67656987e+00  6.92929437e-310
  2.15000000e-04   5.67658807e+00  6.92929437e-310
  2.15200000e-04   5.67660647e+00  6.92929437e-310
  2.15300000e-04   5.67663147e+00  6.92929437e-310
  2.15400000e-04   5.67664561e+00  6.92929437e-310
  2.15600000e-04   5.67666871e+00  6.92929437e-310
  2.15700000e-04   5.67668208e+00  6.92929437e-310
  2.15800000e-04   5.67669483e+00  6.92929437e-310
  2.16000000e-04   5.67672576e+00  6.92929437e-310
  2.16100000e-04   5.67674172e+00  6.92929437e-310
  2.16200000e-04   5.67676574e+00  6.92929437e-310
  2.16400000e-04   5.67679844e+00  6.92929437e-310
  2.16500000e-04   5.67681634e+00  6.92929437e-310
  2.16600000e-04   5.67684870e+00  6.92929437e-310
  2.16800000e-04   5.67686482e+00  6.92929437e-310
  2.16900000e-04   5.67686648e+00  6.92929437e-310
  2.17000000e-04   5.67686806e+00  6.92929437e-310
  2.17200000e-04   5.67687911e+00  6.92929437e-310
  2.17300000e-04   5.67688962e+00  6.92929437e-310
  2.17400000e-04   5.67689653e+00  6.92929437e-310
  2.17600000e-04   5.67692855e+00  6.92929437e-310
  2.17700000e-04   5.67695824e+00  6.92929437e-310
  2.17800000e-04   5.67697713e+00  6.92929437e-310
  2.18000000e-04   5.67698895e+00  6.92929437e-310
  2.18100000e-04   5.67699379e+00  6.92929437e-310
  2.18200000e-04   5.67700066e+00  6.92929437e-310
  2.18400000e-04   5.67702244e+00  6.92929437e-310
  2.18500000e-04   5.67705873e+00  6.92929437e-310
  2.18600000e-04   5.67706717e+00  6.92929437e-310
  2.18800000e-04   5.67708920e+00  6.92929437e-310
  2.18900000e-04   5.67710047e+00  6.92929437e-310
  2.19000000e-04   5.67710481e+00  6.92929437e-310
  2.19200000e-04   5.67711322e+00  6.92929437e-310
  2.19300000e-04   5.67712324e+00  6.92929437e-310
  2.19400000e-04   5.67713994e+00  6.92929437e-310
  2.19600000e-04   5.67716739e+00  6.92929437e-310
  2.19700000e-04   5.67719348e+00  6.92929437e-310
  2.19800000e-04   5.67719731e+00  6.92929437e-310
  2.20000000e-04   5.67722442e+00  6.92929437e-310
  2.20100000e-04   5.67723990e+00  6.92929437e-310
  2.20200000e-04   5.67724950e+00  6.92929437e-310
  2.20400000e-04   5.67728024e+00  6.92929437e-310
  2.20500000e-04   5.67730880e+00  6.92929437e-310
  2.20600000e-04   5.67735656e+00  6.92929437e-310
  2.20800000e-04   5.67736734e+00  6.92929437e-310
  2.20900000e-04   5.67737349e+00  6.92929437e-310
  2.21000000e-04   5.67738264e+00  6.92929437e-310
  2.21200000e-04   5.67738595e+00  6.92929437e-310
  2.21300000e-04   5.67740637e+00  6.92929437e-310
  2.21400000e-04   5.67742289e+00  6.92929437e-310
  2.21600000e-04   5.67747463e+00  6.92929437e-310
  2.21700000e-04   5.67748744e+00  6.92929437e-310
  2.21800000e-04   5.67749011e+00  6.92929437e-310
  2.22000000e-04   5.67754027e+00  6.92929437e-310
  2.22100000e-04   5.67756900e+00  6.92929437e-310
  2.22200000e-04   5.67759499e+00  6.92929437e-310
  2.22400000e-04   5.67763258e+00  6.92929437e-310
  2.22500000e-04   5.67764422e+00  6.92929437e-310
  2.22600000e-04   5.67764533e+00  6.92929437e-310
  2.22800000e-04   5.67768059e+00  6.92929437e-310
  2.22900000e-04   5.67769367e+00  6.92929437e-310
  2.23000000e-04   5.67769905e+00  6.92929437e-310
  2.23200000e-04   5.67772124e+00  6.92929437e-310
  2.23300000e-04   5.67775536e+00  6.92929437e-310
  2.23400000e-04   5.67781678e+00  6.92929437e-310
  2.23600000e-04   5.67795023e+00  6.92929437e-310
  2.23700000e-04   5.67798444e+00  6.92929437e-310
  2.23800000e-04   5.67800741e+00  6.92929437e-310
  2.24000000e-04   5.67803858e+00  6.92929437e-310
  2.24100000e-04   5.67805626e+00  6.92929437e-310
  2.24200000e-04   5.67807093e+00  6.92929437e-310
  2.24400000e-04   5.67810479e+00  6.92929437e-310
  2.24500000e-04   5.67813352e+00  6.92929437e-310
  2.24600000e-04   5.67814547e+00  6.92929437e-310
  2.24800000e-04   5.67816096e+00  6.92929437e-310
  2.24900000e-04   5.67816427e+00  6.92929437e-310
  2.25000000e-04   5.67816491e+00  6.92929437e-310
  2.25200000e-04   5.67817774e+00  6.92929437e-310
  2.25300000e-04   5.67818994e+00  6.92929437e-310
  2.25400000e-04   5.67821316e+00  6.92929437e-310
  2.25600000e-04   5.67823705e+00  6.92929437e-310
  2.25700000e-04   5.67824172e+00  6.92929437e-310
  2.25800000e-04   5.67826389e+00  6.92929437e-310
  2.26000000e-04   5.67829359e+00  6.92929437e-310
  2.26100000e-04   5.67830100e+00  6.92929437e-310
  2.26200000e-04   5.67834067e+00  6.92929437e-310
  2.26400000e-04   5.67837219e+00  6.92929437e-310
  2.26500000e-04   5.67839783e+00  6.92929437e-310
  2.26600000e-04   5.67841399e+00  6.92929437e-310
  2.26800000e-04   5.67843359e+00  6.92929437e-310
  2.26900000e-04   5.67845068e+00  6.92929437e-310
  2.27000000e-04   5.67846575e+00  6.92929437e-310
  2.27200000e-04   5.67851441e+00  6.92929437e-310
  2.27300000e-04   5.67853052e+00  6.92929437e-310
  2.27400000e-04   5.67853765e+00  6.92929437e-310
  2.27600000e-04   5.67856406e+00  6.92929437e-310
  2.27700000e-04   5.67857341e+00  6.92929437e-310
  2.27800000e-04   5.67859690e+00  6.92929437e-310
  2.28000000e-04   5.67861670e+00  6.92929437e-310
  2.28100000e-04   5.67863052e+00  6.92929437e-310
  2.28200000e-04   5.67864367e+00  6.92929437e-310
  2.28400000e-04   5.67867434e+00  6.92929437e-310
  2.28500000e-04   5.67867558e+00  6.92929437e-310
  2.28600000e-04   5.67868644e+00  6.92929437e-310
  2.28800000e-04   5.67876999e+00  6.92929437e-310
  2.28900000e-04   5.67881196e+00  6.92929437e-310
  2.29000000e-04   5.67884256e+00  6.92929437e-310
  2.29200000e-04   5.67888737e+00  6.92929437e-310
  2.29300000e-04   5.67888865e+00  6.92929437e-310
  2.29400000e-04   5.67889371e+00  6.92929437e-310
  2.29600000e-04   5.67890471e+00  6.92929437e-310
  2.29700000e-04   5.67890495e+00  6.92929437e-310
  2.29800000e-04   5.67890933e+00  6.92929437e-310
  2.30000000e-04   5.67892724e+00  6.92929437e-310
  2.30100000e-04   5.67894329e+00  6.92929437e-310
  2.30200000e-04   5.67894357e+00  6.92929437e-310
  2.30400000e-04   5.67894719e+00  6.92929437e-310
  2.30500000e-04   5.67895240e+00  6.92929437e-310
  2.30600000e-04   5.67896206e+00  6.92929437e-310
  2.30800000e-04   5.67897051e+00  6.92929437e-310
  2.30900000e-04   5.67897582e+00  6.92929437e-310
  2.31000000e-04   5.67898301e+00  6.92929437e-310
  2.31200000e-04   5.67899405e+00  6.92929437e-310
  2.31300000e-04   5.67899782e+00  6.92929437e-310
  2.31400000e-04   5.67900782e+00  6.92929437e-310
  2.31600000e-04   5.67903959e+00  6.92929437e-310
  2.31700000e-04   5.67906224e+00  6.92929437e-310
  2.31800000e-04   5.67907845e+00  6.92929437e-310
  2.32000000e-04   5.67911859e+00  6.92929437e-310
  2.32100000e-04   5.67913048e+00  6.92929437e-310
  2.32200000e-04   5.67916264e+00  6.92929437e-310
  2.32400000e-04   5.67918585e+00  6.92929437e-310
  2.32500000e-04   5.67918953e+00  6.92929437e-310
  2.32600000e-04   5.67919396e+00  6.92929437e-310
  2.32800000e-04   5.67920842e+00  6.92929437e-310
  2.32900000e-04   5.67923060e+00  6.92929437e-310
  2.33000000e-04   5.67925115e+00  6.92929437e-310
  2.33200000e-04   5.67929239e+00  6.92929437e-310
  2.33300000e-04   5.67930338e+00  6.92929437e-310
  2.33400000e-04   5.67931176e+00  6.92929437e-310
  2.33600000e-04   5.67932331e+00  6.92929437e-310
  2.33700000e-04   5.67932877e+00  6.92929437e-310
  2.33800000e-04   5.67933415e+00  6.92929437e-310
  2.34000000e-04   5.67934558e+00  6.92929437e-310
  2.34100000e-04   5.67934892e+00  6.92929437e-310
  2.34200000e-04   5.67935260e+00  6.92929437e-310
  2.34400000e-04   5.67936657e+00  6.92929437e-310
  2.34500000e-04   5.67936824e+00  6.92929437e-310
  2.34600000e-04   5.67937645e+00  6.92929437e-310
  2.34800000e-04   5.67940147e+00  6.92929437e-310
  2.34900000e-04   5.67940637e+00  6.92929437e-310
  2.35000000e-04   5.67941683e+00  6.92929437e-310
  2.35200000e-04   5.67944502e+00  6.92929437e-310
  2.35300000e-04   5.67944816e+00  6.92929437e-310
  2.35400000e-04   5.67945691e+00  6.92929437e-310
  2.35600000e-04   5.67946642e+00  6.92929437e-310
  2.35700000e-04   5.67947106e+00  6.92929437e-310
  2.35800000e-04   5.67949682e+00  6.92929437e-310
  2.36000000e-04   5.67954034e+00  6.92929437e-310
  2.36100000e-04   5.67956782e+00  6.92929437e-310
  2.36200000e-04   5.67959192e+00  6.92929437e-310
  2.36400000e-04   5.67962018e+00  6.92929437e-310
  2.36500000e-04   5.67963921e+00  6.92929437e-310
  2.36600000e-04   5.67965049e+00  6.92929437e-310
  2.36800000e-04   5.67966007e+00  6.92929437e-310
  2.36900000e-04   5.67968717e+00  6.92929437e-310
  2.37000000e-04   5.67970590e+00  6.92929437e-310
  2.37200000e-04   5.67973120e+00  6.92929437e-310
  2.37300000e-04   5.67973301e+00  6.92929437e-310
  2.37400000e-04   5.67973835e+00  6.92929437e-310
  2.37600000e-04   5.67980218e+00  6.92929437e-310
  2.37700000e-04   5.67981309e+00  6.92929437e-310
  2.37800000e-04   5.67981724e+00  6.92929437e-310
  2.38000000e-04   5.67985132e+00  6.92929437e-310
  2.38100000e-04   5.67986162e+00  6.92929437e-310
  2.38200000e-04   5.67987405e+00  6.92929437e-310
  2.38400000e-04   5.67990443e+00  6.92929437e-310
  2.38500000e-04   5.67991387e+00  6.92929437e-310
  2.38600000e-04   5.67993550e+00  6.92929437e-310
  2.38800000e-04   5.67994943e+00  6.92929437e-310
  2.38900000e-04   5.67995427e+00  6.92929437e-310
  2.39000000e-04   5.67997074e+00  6.92929437e-310
  2.39200000e-04   5.68000115e+00  6.92929437e-310
  2.39300000e-04   5.68002393e+00  6.92929437e-310
  2.39400000e-04   5.68003611e+00  6.92929437e-310
  2.39600000e-04   5.68010439e+00  6.92929437e-310
  2.39700000e-04   5.68011659e+00  6.92929437e-310
  2.39800000e-04   5.68014005e+00  6.92929437e-310
  2.40000000e-04   5.68018440e+00  6.92929437e-310
  2.40100000e-04   5.68021784e+00  6.92929437e-310
  2.40200000e-04   5.68026658e+00  6.92929437e-310
  2.40400000e-04   5.68054230e+00  6.92929437e-310
  2.40500000e-04   5.68054865e+00  6.92929437e-310
  2.40600000e-04   5.68056583e+00  6.92929437e-310
  2.40800000e-04   5.68064612e+00  6.92929437e-310
  2.40900000e-04   5.68071375e+00  6.92929437e-310
  2.41000000e-04   5.68072075e+00  6.92929437e-310
  2.41200000e-04   5.68083542e+00  6.92929437e-310
  2.41300000e-04   5.68084373e+00  6.92929437e-310
  2.41400000e-04   5.68085206e+00  6.92929437e-310
  2.41600000e-04   5.68086415e+00  6.92929437e-310
  2.41700000e-04   5.68086557e+00  6.92929437e-310
  2.41800000e-04   5.68086865e+00  6.92929437e-310
  2.42000000e-04   5.68088705e+00  6.92929437e-310
  2.42100000e-04   5.68090164e+00  6.92929437e-310
  2.42200000e-04   5.68090755e+00  6.92929437e-310
  2.42400000e-04   5.68093806e+00  6.92929437e-310
  2.42500000e-04   5.68097725e+00  6.92929437e-310
  2.42600000e-04   5.68102881e+00  6.92929437e-310
  2.42800000e-04   5.70289900e+00  6.92929437e-310
  2.42900000e-04   5.71398664e+00  6.92929437e-310
  2.43000000e-04   5.72605818e+00  6.92929437e-310
  2.43200000e-04   5.75214437e+00  6.92929437e-310
  2.43300000e-04   5.76994452e+00  6.92929437e-310
  2.43400000e-04   5.79313400e+00  6.92929437e-310
  2.43600000e-04   5.85924597e+00  6.92929437e-310
  2.43700000e-04   5.90126418e+00  6.92929437e-310
  2.43800000e-04   5.94687227e+00  6.92929437e-310
  2.44000000e-04   6.03942225e+00  6.92929437e-310
  2.44100000e-04   6.08286506e+00  6.92929437e-310
  2.44200000e-04   6.12438665e+00  6.92929437e-310
  2.44400000e-04   6.24838796e+00  6.92929437e-310
  2.44500000e-04   6.31991373e+00  6.92929437e-310
  2.44600000e-04   6.39540611e+00  6.92929437e-310
  2.44800000e-04   6.54916342e+00  6.92929437e-310
  2.44900000e-04   6.66655968e+00  6.92929437e-310
  2.45000000e-04   6.79401103e+00  6.92929437e-310
  2.45200000e-04   7.08945945e+00  6.92929437e-310
  2.45300000e-04   7.26277559e+00  6.92929437e-310
  2.45400000e-04   7.44773589e+00  6.92929437e-310
  2.45600000e-04   7.86156296e+00  6.92929437e-310
  2.45700000e-04   8.08176263e+00  6.92929437e-310
  2.45800000e-04   8.29619812e+00  6.92929437e-310
  2.46000000e-04   8.68336442e+00  6.92929437e-310
  2.46100000e-04   8.84583638e+00  6.92929437e-310
  2.46200000e-04   9.03735394e+00  6.92929437e-310
  2.46400000e-04   9.55209667e+00  6.92929437e-310
  2.46500000e-04   9.81668857e+00  6.92929437e-310
  2.46600000e-04   1.01177676e+01  6.92929437e-310
  2.46800000e-04   1.06565307e+01  6.92929437e-310
  2.46900000e-04   1.08820343e+01  6.92929437e-310
  2.47000000e-04   1.10749403e+01  6.92929437e-310
  2.47200000e-04   1.13598819e+01  6.92929437e-310
  2.47300000e-04   1.14960069e+01  6.92929437e-310
  2.47400000e-04   1.17883635e+01  6.92929437e-310
  2.47600000e-04   1.23132362e+01  6.92929437e-310
  2.47700000e-04   1.25460917e+01  6.92929437e-310
  2.47800000e-04   1.27525096e+01  6.92929437e-310
  2.48000000e-04   1.30250963e+01  6.92929437e-310
  2.48100000e-04   1.32625987e+01  6.92929437e-310
  2.48200000e-04   1.35130886e+01  6.92929437e-310
  2.48400000e-04   1.39517331e+01  6.92929437e-310
  2.48500000e-04   1.41361327e+01  6.92929437e-310
  2.48600000e-04   1.44880200e+01  6.92929437e-310
  2.48800000e-04   1.52067902e+01  6.92929437e-310
  2.48900000e-04   1.55274114e+01  6.92929437e-310
  2.49000000e-04   1.58085740e+01  6.92929437e-310
  2.49200000e-04   1.62339665e+01  6.92929437e-310
  2.49300000e-04   1.63828440e+01  6.92929437e-310
  2.49400000e-04   1.64970340e+01  6.92929437e-310
  2.49600000e-04   1.66486951e+01  6.92929437e-310
  2.49700000e-04   1.69639690e+01  6.92929437e-310
  2.49800000e-04   1.72534450e+01  6.92929437e-310
  2.50000000e-04   1.77411608e+01  6.92929437e-310
