Time | surface energy | strain energy
  0.00000000e+00   1.32699162e-10  6.90113482e-310
  1.00000000e-07   6.33425550e-08  6.90113482e-310
  2.00000000e-07   5.21896516e-07  6.90113482e-310
  4.00000000e-07   3.87253422e-06  6.90113482e-310
  5.00000000e-07   5.76547810e-06  6.90113482e-310
  6.00000000e-07   9.12839301e-06  6.90113482e-310
  8.00000000e-07   1.32487401e-05  6.90113482e-310
  9.00000000e-07   1.92059484e-05  6.90113482e-310
  1.00000000e-06   2.47623627e-05  6.90113482e-310
  1.20000000e-06   2.95033540e-05  6.90113482e-310
  1.30000000e-06   3.56602154e-05  6.90113482e-310
  1.40000000e-06   4.11069593e-05  6.90113482e-310
  1.60000000e-06   5.03562836e-05  6.90113482e-310
  1.70000000e-06   5.80349501e-05  6.90113482e-310
  1.80000000e-06   6.82173837e-05  6.90113482e-310
  2.00000000e-06   8.66666238e-05  6.90113482e-310
  2.10000000e-06   9.67849770e-05  6.90113482e-310
  2.20000000e-06   1.08933113e-04  6.90113482e-310
  2.40000000e-06   1.35220907e-04  6.90113482e-310
  2.50000000e-06   1.46269490e-04  6.90113482e-310
  2.60000000e-06   1.63931022e-04  6.90113482e-310
  2.80000000e-06   1.95290896e-04  6.90113482e-310
  2.90000000e-06   2.11916465e-04  6.90113482e-310
  3.00000000e-06   2.30013558e-04  6.90113482e-310
  3.20000000e-06   2.66877562e-04  6.90113482e-310
  3.30000000e-06   2.85007232e-04  6.90113482e-310
  3.40000000e-06   3.04399544e-04  6.90113482e-310
  3.60000000e-06   3.52383860e-04  6.90113482e-310
  3.70000000e-06   3.74194030e-04  6.90113482e-310
  3.80000000e-06   3.97498320e-04  6.90113482e-310
  4.00000000e-06   4.53725486e-04  6.90113482e-310
  4.10000000e-06   4.77870295e-04  6.90113482e-310
  4.20000000e-06   5.09674115e-04  6.90113482e-310
  4.40000000e-06   5.78900458e-04  6.90113482e-310
  4.50000000e-06   6.10207695e-04  6.90113482e-310
  4.60000000e-06   6.43185307e-04  6.90113482e-310
  4.80000000e-06   7.16716365e-04  6.90113482e-310
  4.90000000e-06   7.56231789e-04  6.90113482e-310
  5.00000000e-06   7.93547642e-04  6.90113482e-310
  5.20000000e-06   8.76521015e-04  6.90113482e-310
  5.30000000e-06   9.22038184e-04  6.90113482e-310
  5.40000000e-06   9.63933919e-04  6.90113482e-310
  5.60000000e-06   1.05117176e-03  6.90113482e-310
  5.70000000e-06   1.10643080e-03  6.90113482e-310
  5.80000000e-06   1.17353378e-03  6.90113482e-310
  6.00000000e-06   1.27984284e-03  6.90113482e-310
  6.10000000e-06   1.34533157e-03  6.90113482e-310
  6.20000000e-06   1.40735672e-03  6.90113482e-310
  6.40000000e-06   1.52171104e-03  6.90113482e-310
  6.50000000e-06   1.58016074e-03  6.90113482e-310
  6.60000000e-06   1.63262676e-03  6.90113482e-310
  6.80000000e-06   1.76505010e-03  6.90113482e-310
  6.90000000e-06   1.82980898e-03  6.90113482e-310
  7.00000000e-06   1.88166794e-03  6.90113482e-310
  7.20000000e-06   2.02046509e-03  6.90113482e-310
  7.30000000e-06   2.07827497e-03  6.90113482e-310
  7.40000000e-06   2.13837955e-03  6.90113482e-310
  7.60000000e-06   2.29344099e-03  6.90113482e-310
  7.70000000e-06   2.37300628e-03  6.90113482e-310
  7.80000000e-06   2.46541044e-03  6.90113482e-310
  8.00000000e-06   2.66153908e-03  6.90113482e-310
  8.10000000e-06   2.74131534e-03  6.90113482e-310
  8.20000000e-06   2.83281972e-03  6.90113482e-310
  8.40000000e-06   2.99902440e-03  6.90113482e-310
  8.50000000e-06   3.11411107e-03  6.90113482e-310
  8.60000000e-06   3.19806596e-03  6.90113482e-310
  8.80000000e-06   3.35649734e-03  6.90113482e-310
  8.90000000e-06   3.43162977e-03  6.90113482e-310
  9.00000000e-06   3.52381059e-03  6.90113482e-310
  9.20000000e-06   3.67661561e-03  6.90113482e-310
  9.30000000e-06   3.74801683e-03  6.90113482e-310
  9.40000000e-06   3.82479915e-03  6.90113482e-310
  9.60000000e-06   4.00134279e-03  6.90113482e-310
  9.70000000e-06   4.08051587e-03  6.90113482e-310
  9.80000000e-06   4.16950779e-03  6.90113482e-310
  1.00000000e-05   4.35233159e-03  6.90113482e-310
  1.01000000e-05   4.45458169e-03  6.90113482e-310
  1.02000000e-05   4.57300372e-03  6.90113482e-310
  1.04000000e-05   4.77875988e-03  6.90113482e-310
  1.05000000e-05   4.89072382e-03  6.90113482e-310
  1.06000000e-05   4.98439502e-03  6.90113482e-310
  1.08000000e-05   5.19833452e-03  6.90113482e-310
  1.09000000e-05   5.30651564e-03  6.90113482e-310
  1.10000000e-05   5.41996213e-03  6.90113482e-310
  1.12000000e-05   5.58930177e-03  6.90113482e-310
  1.13000000e-05   5.67959044e-03  6.90113482e-310
  1.14000000e-05   5.77797999e-03  6.90113482e-310
  1.16000000e-05   5.97190354e-03  6.90113482e-310
  1.17000000e-05   6.05229953e-03  6.90113482e-310
  1.18000000e-05   6.13472286e-03  6.90113482e-310
  1.20000000e-05   6.31719423e-03  6.90113482e-310
  1.21000000e-05   6.40665288e-03  6.90113482e-310
  1.22000000e-05   6.49956747e-03  6.90113482e-310
  1.24000000e-05   6.68088104e-03  6.90113482e-310
  1.25000000e-05   6.76717909e-03  6.90113482e-310
  1.26000000e-05   6.85589145e-03  6.90113482e-310
  1.28000000e-05   7.04015606e-03  6.90113482e-310
  1.29000000e-05   7.13153240e-03  6.90113482e-310
  1.30000000e-05   7.22813663e-03  6.90113482e-310
  1.32000000e-05   7.41256267e-03  6.90113482e-310
  1.33000000e-05   7.50414776e-03  6.90113482e-310
  1.34000000e-05   7.59762230e-03  6.90113482e-310
  1.36000000e-05   7.78045608e-03  6.90113482e-310
  1.37000000e-05   7.87619846e-03  6.90113482e-310
  1.38000000e-05   7.97894039e-03  6.90113482e-310
  1.40000000e-05   8.19539716e-03  6.90113482e-310
  1.41000000e-05   8.29286874e-03  6.90113482e-310
  1.42000000e-05   8.40520456e-03  6.90113482e-310
  1.44000000e-05   8.63316936e-03  6.90113482e-310
  1.45000000e-05   8.73678804e-03  6.90113482e-310
  1.46000000e-05   8.85074714e-03  6.90113482e-310
  1.48000000e-05   9.10697386e-03  6.90113482e-310
  1.49000000e-05   9.21884392e-03  6.90113482e-310
  1.50000000e-05   9.32579602e-03  6.90113482e-310
  1.52000000e-05   9.59039930e-03  6.90113482e-310
  1.53000000e-05   9.71493790e-03  6.90113482e-310
  1.54000000e-05   9.82243421e-03  6.90113482e-310
  1.56000000e-05   1.00343538e-02  6.90113482e-310
  1.57000000e-05   1.01575163e-02  6.90113482e-310
  1.58000000e-05   1.02890333e-02  6.90113482e-310
  1.60000000e-05   1.05346390e-02  6.90113482e-310
  1.61000000e-05   1.06484212e-02  6.90113482e-310
  1.62000000e-05   1.07618188e-02  6.90113482e-310
  1.64000000e-05   1.10122672e-02  6.90113482e-310
  1.65000000e-05   1.11392300e-02  6.90113482e-310
  1.66000000e-05   1.12642445e-02  6.90113482e-310
  1.68000000e-05   1.15564847e-02  6.90113482e-310
  1.69000000e-05   1.17256508e-02  6.90113482e-310
  1.70000000e-05   1.18888960e-02  6.90113482e-310
  1.72000000e-05   1.21544935e-02  6.90113482e-310
  1.73000000e-05   1.22838474e-02  6.90113482e-310
  1.74000000e-05   1.24038934e-02  6.90113482e-310
  1.76000000e-05   1.26466539e-02  6.90113482e-310
  1.77000000e-05   1.27860569e-02  6.90113482e-310
  1.78000000e-05   1.29108361e-02  6.90113482e-310
  1.80000000e-05   1.31441060e-02  6.90113482e-310
  1.81000000e-05   1.32674107e-02  6.90113482e-310
  1.82000000e-05   1.33957062e-02  6.90113482e-310
  1.84000000e-05   1.37032563e-02  6.90113482e-310
  1.85000000e-05   1.38484405e-02  6.90113482e-310
  1.86000000e-05   1.39768742e-02  6.90113482e-310
  1.88000000e-05   1.42022740e-02  6.90113482e-310
  1.89000000e-05   1.42931169e-02  6.90113482e-310
  1.90000000e-05   1.43848093e-02  6.90113482e-310
  1.92000000e-05   1.45654953e-02  6.90113482e-310
  1.93000000e-05   1.46519550e-02  6.90113482e-310
  1.94000000e-05   1.47384752e-02  6.90113482e-310
  1.96000000e-05   1.49091514e-02  6.90113482e-310
  1.97000000e-05   1.49921576e-02  6.90113482e-310
  1.98000000e-05   1.50627725e-02  6.90113482e-310
  2.00000000e-05   1.52063061e-02  6.90113482e-310
  2.01000000e-05   1.52759325e-02  6.90113482e-310
  2.02000000e-05   1.53437794e-02  6.90113482e-310
  2.04000000e-05   1.54770746e-02  6.90113482e-310
  2.05000000e-05   1.55359461e-02  6.90113482e-310
  2.06000000e-05   1.55891962e-02  6.90113482e-310
  2.08000000e-05   1.57149145e-02  6.90113482e-310
  2.09000000e-05   1.57752825e-02  6.90113482e-310
  2.10000000e-05   1.58259247e-02  6.90113482e-310
  2.12000000e-05   1.59180785e-02  6.90113482e-310
  2.13000000e-05   1.59669721e-02  6.90113482e-310
  2.14000000e-05   1.60202575e-02  6.90113482e-310
  2.16000000e-05   1.61237092e-02  6.90113482e-310
  2.17000000e-05   1.61755587e-02  6.90113482e-310
  2.18000000e-05   1.62362868e-02  6.90113482e-310
  2.20000000e-05   1.63422883e-02  6.90113482e-310
  2.21000000e-05   1.63924175e-02  6.90113482e-310
  2.22000000e-05   1.64431861e-02  6.90113482e-310
  2.24000000e-05   1.65627816e-02  6.90113482e-310
  2.25000000e-05   1.66256553e-02  6.90113482e-310
  2.26000000e-05   1.66849262e-02  6.90113482e-310
  2.28000000e-05   1.68164150e-02  6.90113482e-310
  2.29000000e-05   1.68901527e-02  6.90113482e-310
  2.30000000e-05   1.69695464e-02  6.90113482e-310
  2.32000000e-05   1.71900889e-02  6.90113482e-310
  2.33000000e-05   1.72798381e-02  6.90113482e-310
  2.34000000e-05   1.73838698e-02  6.90113482e-310
  2.36000000e-05   1.76578714e-02  6.90113482e-310
  2.37000000e-05   1.77951920e-02  6.90113482e-310
  2.38000000e-05   1.79398506e-02  6.90113482e-310
  2.40000000e-05   1.82782334e-02  6.90113482e-310
  2.41000000e-05   1.84261643e-02  6.90113482e-310
  2.42000000e-05   1.85792894e-02  6.90113482e-310
  2.44000000e-05   1.89042338e-02  6.90113482e-310
  2.45000000e-05   1.90876993e-02  6.90113482e-310
  2.46000000e-05   1.92663278e-02  6.90113482e-310
  2.48000000e-05   1.96018705e-02  6.90113482e-310
  2.49000000e-05   1.97544324e-02  6.90113482e-310
  2.50000000e-05   1.99190552e-02  6.90113482e-310
  2.52000000e-05   2.03069129e-02  6.90113482e-310
  2.53000000e-05   2.05226023e-02  6.90113482e-310
  2.54000000e-05   2.07222943e-02  6.90113482e-310
  2.56000000e-05   2.11144975e-02  6.90113482e-310
  2.57000000e-05   2.13003357e-02  6.90113482e-310
  2.58000000e-05   2.14966784e-02  6.90113482e-310
  2.60000000e-05   2.18491800e-02  6.90113482e-310
  2.61000000e-05   2.20428374e-02  6.90113482e-310
  2.62000000e-05   2.22423322e-02  6.90113482e-310
  2.64000000e-05   2.28052571e-02  6.90113482e-310
  2.65000000e-05   2.31352725e-02  6.90113482e-310
  2.66000000e-05   2.34574661e-02  6.90113482e-310
  2.68000000e-05   2.40934394e-02  6.90113482e-310
  2.69000000e-05   2.44470595e-02  6.90113482e-310
  2.70000000e-05   2.48293817e-02  6.90113482e-310
  2.72000000e-05   2.56332571e-02  6.90113482e-310
  2.73000000e-05   2.60952925e-02  6.90113482e-310
  2.74000000e-05   2.65716203e-02  6.90113482e-310
  2.76000000e-05   2.75392602e-02  6.90113482e-310
  2.77000000e-05   2.80419754e-02  6.90113482e-310
  2.78000000e-05   2.85709693e-02  6.90113482e-310
  2.80000000e-05   2.97020633e-02  6.90113482e-310
  2.81000000e-05   3.02944586e-02  6.90113482e-310
  2.82000000e-05   3.08852325e-02  6.90113482e-310
  2.84000000e-05   3.21555585e-02  6.90113482e-310
  2.85000000e-05   3.28010442e-02  6.90113482e-310
  2.86000000e-05   3.34653907e-02  6.90113482e-310
  2.88000000e-05   3.48886134e-02  6.90113482e-310
  2.89000000e-05   3.56331430e-02  6.90113482e-310
  2.90000000e-05   3.64165201e-02  6.90113482e-310
  2.92000000e-05   3.79554615e-02  6.90113482e-310
  2.93000000e-05   3.87146181e-02  6.90113482e-310
  2.94000000e-05   3.94795458e-02  6.90113482e-310
  2.96000000e-05   4.09947196e-02  6.90113482e-310
  2.97000000e-05   4.17800782e-02  6.90113482e-310
  2.98000000e-05   4.25836323e-02  6.90113482e-310
  3.00000000e-05   4.42843349e-02  6.90113482e-310
  3.01000000e-05   4.52083686e-02  6.90113482e-310
  3.02000000e-05   4.61738846e-02  6.90113482e-310
  3.04000000e-05   4.82892982e-02  6.90113482e-310
  3.05000000e-05   4.94972947e-02  6.90113482e-310
  3.06000000e-05   5.07817031e-02  6.90113482e-310
  3.08000000e-05   5.34615485e-02  6.90113482e-310
  3.09000000e-05   5.48169968e-02  6.90113482e-310
  3.10000000e-05   5.62026491e-02  6.90113482e-310
  3.12000000e-05   5.90919758e-02  6.90113482e-310
  3.13000000e-05   6.05946076e-02  6.90113482e-310
  3.14000000e-05   6.20599440e-02  6.90113482e-310
  3.16000000e-05   6.50361291e-02  6.90113482e-310
  3.17000000e-05   6.65615714e-02  6.90113482e-310
  3.18000000e-05   6.80953308e-02  6.90113482e-310
  3.20000000e-05   7.12513622e-02  6.90113482e-310
  3.21000000e-05   7.27928423e-02  6.90113482e-310
  3.22000000e-05   7.43740469e-02  6.90113482e-310
  3.24000000e-05   7.75740724e-02  6.90113482e-310
  3.25000000e-05   7.91125020e-02  6.90113482e-310
  3.26000000e-05   8.06918480e-02  6.90113482e-310
  3.28000000e-05   8.37498066e-02  6.90113482e-310
  3.29000000e-05   8.52969374e-02  6.90113482e-310
  3.30000000e-05   8.67662112e-02  6.90113482e-310
  3.32000000e-05   8.96401262e-02  6.90113482e-310
  3.33000000e-05   9.12149948e-02  6.90113482e-310
  3.34000000e-05   9.28340578e-02  6.90113482e-310
  3.36000000e-05   9.59761927e-02  6.90113482e-310
  3.37000000e-05   9.74210958e-02  6.90113482e-310
  3.38000000e-05   9.88902267e-02  6.90113482e-310
  3.40000000e-05   1.01944747e-01  6.90113482e-310
  3.41000000e-05   1.03487877e-01  6.90113482e-310
  3.42000000e-05   1.05011864e-01  6.90113482e-310
  3.44000000e-05   1.08113433e-01  6.90113482e-310
  3.45000000e-05   1.09580870e-01  6.90113482e-310
  3.46000000e-05   1.10906459e-01  6.90113482e-310
  3.48000000e-05   1.13678776e-01  6.90113482e-310
  3.49000000e-05   1.15094650e-01  6.90113482e-310
  3.50000000e-05   1.16510972e-01  6.90113482e-310
  3.52000000e-05   1.19308068e-01  6.90113482e-310
  3.53000000e-05   1.20683651e-01  6.90113482e-310
  3.54000000e-05   1.22000207e-01  6.90113482e-310
  3.56000000e-05   1.24624123e-01  6.90113482e-310
  3.57000000e-05   1.25879602e-01  6.90113482e-310
  3.58000000e-05   1.27070835e-01  6.90113482e-310
  3.60000000e-05   1.29267929e-01  6.90113482e-310
  3.61000000e-05   1.30355443e-01  6.90113482e-310
  3.62000000e-05   1.31468707e-01  6.90113482e-310
  3.64000000e-05   1.33682042e-01  6.90113482e-310
  3.65000000e-05   1.34694490e-01  6.90113482e-310
  3.66000000e-05   1.35650382e-01  6.90113482e-310
  3.68000000e-05   1.37294481e-01  6.90113482e-310
  3.69000000e-05   1.38135981e-01  6.90113482e-310
  3.70000000e-05   1.39036905e-01  6.90113482e-310
  3.72000000e-05   1.40871513e-01  6.90113482e-310
  3.73000000e-05   1.41717018e-01  6.90113482e-310
  3.74000000e-05   1.42612598e-01  6.90113482e-310
  3.76000000e-05   1.44427941e-01  6.90113482e-310
  3.77000000e-05   1.45368290e-01  6.90113482e-310
  3.78000000e-05   1.46348080e-01  6.90113482e-310
  3.80000000e-05   1.48195485e-01  6.90113482e-310
  3.81000000e-05   1.49043533e-01  6.90113482e-310
  3.82000000e-05   1.49947133e-01  6.90113482e-310
  3.84000000e-05   1.51869473e-01  6.90113482e-310
  3.85000000e-05   1.52860782e-01  6.90113482e-310
  3.86000000e-05   1.53758434e-01  6.90113482e-310
  3.88000000e-05   1.55617442e-01  6.90113482e-310
  3.89000000e-05   1.56559518e-01  6.90113482e-310
  3.90000000e-05   1.57494860e-01  6.90113482e-310
  3.92000000e-05   1.59410112e-01  6.90113482e-310
  3.93000000e-05   1.60325984e-01  6.90113482e-310
  3.94000000e-05   1.61189778e-01  6.90113482e-310
  3.96000000e-05   1.62883370e-01  6.90113482e-310
  3.97000000e-05   1.63889590e-01  6.90113482e-310
  3.98000000e-05   1.64958078e-01  6.90113482e-310
  4.00000000e-05   1.66953262e-01  6.90113482e-310
  4.01000000e-05   1.67864551e-01  6.90113482e-310
  4.02000000e-05   1.68737865e-01  6.90113482e-310
  4.04000000e-05   1.70621526e-01  6.90113482e-310
  4.05000000e-05   1.71606695e-01  6.90113482e-310
  4.06000000e-05   1.72596247e-01  6.90113482e-310
  4.08000000e-05   1.74446881e-01  6.90113482e-310
  4.09000000e-05   1.75218557e-01  6.90113482e-310
  4.10000000e-05   1.76011546e-01  6.90113482e-310
  4.12000000e-05   1.77605779e-01  6.90113482e-310
  4.13000000e-05   1.78334374e-01  6.90113482e-310
  4.14000000e-05   1.78976862e-01  6.90113482e-310
  4.16000000e-05   1.80328181e-01  6.90113482e-310
  4.17000000e-05   1.81091118e-01  6.90113482e-310
  4.18000000e-05   1.81836637e-01  6.90113482e-310
  4.20000000e-05   1.83351145e-01  6.90113482e-310
  4.21000000e-05   1.84226790e-01  6.90113482e-310
  4.22000000e-05   1.85130294e-01  6.90113482e-310
  4.24000000e-05   1.86523268e-01  6.90113482e-310
  4.25000000e-05   1.87054690e-01  6.90113482e-310
  4.26000000e-05   1.87599768e-01  6.90113482e-310
  4.28000000e-05   1.88974412e-01  6.90113482e-310
  4.29000000e-05   1.89714167e-01  6.90113482e-310
  4.30000000e-05   1.90355954e-01  6.90113482e-310
  4.32000000e-05   1.91475850e-01  6.90113482e-310
  4.33000000e-05   1.92189100e-01  6.90113482e-310
  4.34000000e-05   1.92768070e-01  6.90113482e-310
  4.36000000e-05   1.93801363e-01  6.90113482e-310
  4.37000000e-05   1.94308099e-01  6.90113482e-310
  4.38000000e-05   1.94856114e-01  6.90113482e-310
  4.40000000e-05   1.96122749e-01  6.90113482e-310
  4.41000000e-05   1.96780447e-01  6.90113482e-310
  4.42000000e-05   1.97204749e-01  6.90113482e-310
  4.44000000e-05   1.98249320e-01  6.90113482e-310
  4.45000000e-05   1.98746945e-01  6.90113482e-310
  4.46000000e-05   1.99240608e-01  6.90113482e-310
  4.48000000e-05   2.00748838e-01  6.90113482e-310
  4.49000000e-05   2.01608347e-01  6.90113482e-310
  4.50000000e-05   2.02195024e-01  6.90113482e-310
  4.52000000e-05   2.02900521e-01  6.90113482e-310
  4.53000000e-05   2.03137954e-01  6.90113482e-310
  4.54000000e-05   2.03450046e-01  6.90113482e-310
  4.56000000e-05   2.04288283e-01  6.90113482e-310
  4.57000000e-05   2.04877058e-01  6.90113482e-310
  4.58000000e-05   2.05477977e-01  6.90113482e-310
  4.60000000e-05   2.06880871e-01  6.90113482e-310
  4.61000000e-05   2.07625720e-01  6.90113482e-310
  4.62000000e-05   2.08392577e-01  6.90113482e-310
  4.64000000e-05   2.09598751e-01  6.90113482e-310
  4.65000000e-05   2.10177300e-01  6.90113482e-310
  4.66000000e-05   2.10781387e-01  6.90113482e-310
  4.68000000e-05   2.12325637e-01  6.90113482e-310
  4.69000000e-05   2.13145886e-01  6.90113482e-310
  4.70000000e-05   2.13976959e-01  6.90113482e-310
  4.72000000e-05   2.15256820e-01  6.90113482e-310
  4.73000000e-05   2.15949643e-01  6.90113482e-310
  4.74000000e-05   2.16618866e-01  6.90113482e-310
  4.76000000e-05   2.17801762e-01  6.90113482e-310
  4.77000000e-05   2.18389500e-01  6.90113482e-310
  4.78000000e-05   2.18927889e-01  6.90113482e-310
  4.80000000e-05   2.19980091e-01  6.90113482e-310
  4.81000000e-05   2.20700525e-01  6.90113482e-310
  4.82000000e-05   2.21567742e-01  6.90113482e-310
  4.84000000e-05   2.23343373e-01  6.90113482e-310
  4.85000000e-05   2.24268648e-01  6.90113482e-310
  4.86000000e-05   2.25122917e-01  6.90113482e-310
  4.88000000e-05   2.26697268e-01  6.90113482e-310
  4.89000000e-05   2.27468591e-01  6.90113482e-310
  4.90000000e-05   2.28441313e-01  6.90113482e-310
  4.92000000e-05   2.30251794e-01  6.90113482e-310
  4.93000000e-05   2.31150712e-01  6.90113482e-310
  4.94000000e-05   2.32299254e-01  6.90113482e-310
  4.96000000e-05   2.34153829e-01  6.90113482e-310
  4.97000000e-05   2.35171018e-01  6.90113482e-310
  4.98000000e-05   2.36379902e-01  6.90113482e-310
  5.00000000e-05   2.39316475e-01  6.90113482e-310
  5.01000000e-05   2.40469531e-01  6.90113482e-310
  5.02000000e-05   2.41532730e-01  6.90113482e-310
  5.04000000e-05   2.44306278e-01  6.90113482e-310
  5.05000000e-05   2.45500013e-01  6.90113482e-310
  5.06000000e-05   2.46435745e-01  6.90113482e-310
  5.08000000e-05   2.48510156e-01  6.90113482e-310
  5.09000000e-05   2.49649466e-01  6.90113482e-310
  5.10000000e-05   2.50795040e-01  6.90113482e-310
  5.12000000e-05   2.52792355e-01  6.90113482e-310
  5.13000000e-05   2.53876025e-01  6.90113482e-310
  5.14000000e-05   2.55260149e-01  6.90113482e-310
  5.16000000e-05   2.57674276e-01  6.90113482e-310
  5.17000000e-05   2.58852662e-01  6.90113482e-310
  5.18000000e-05   2.60467970e-01  6.90113482e-310
  5.20000000e-05   2.64665685e-01  6.90113482e-310
  5.21000000e-05   2.66416659e-01  6.90113482e-310
  5.22000000e-05   2.67895166e-01  6.90113482e-310
  5.24000000e-05   2.71228990e-01  6.90113482e-310
  5.25000000e-05   2.73274580e-01  6.90113482e-310
  5.26000000e-05   2.75576534e-01  6.90113482e-310
  5.28000000e-05   2.80552208e-01  6.90113482e-310
  5.29000000e-05   2.83075187e-01  6.90113482e-310
  5.30000000e-05   2.85305608e-01  6.90113482e-310
  5.32000000e-05   2.89439707e-01  6.90113482e-310
  5.33000000e-05   2.91158723e-01  6.90113482e-310
  5.34000000e-05   2.92741450e-01  6.90113482e-310
  5.36000000e-05   2.96772509e-01  6.90113482e-310
  5.37000000e-05   2.98746709e-01  6.90113482e-310
  5.38000000e-05   3.00641253e-01  6.90113482e-310
  5.40000000e-05   3.04199991e-01  6.90113482e-310
  5.41000000e-05   3.05937114e-01  6.90113482e-310
  5.42000000e-05   3.07802904e-01  6.90113482e-310
  5.44000000e-05   3.13017015e-01  6.90113482e-310
  5.45000000e-05   3.16150799e-01  6.90113482e-310
  5.46000000e-05   3.19359997e-01  6.90113482e-310
  5.48000000e-05   3.26134357e-01  6.90113482e-310
  5.49000000e-05   3.30237959e-01  6.90113482e-310
  5.50000000e-05   3.35177052e-01  6.90113482e-310
  5.52000000e-05   3.46237225e-01  6.90113482e-310
  5.53000000e-05   3.52283814e-01  6.90113482e-310
  5.54000000e-05   3.58450757e-01  6.90113482e-310
  5.56000000e-05   3.70123129e-01  6.90113482e-310
  5.57000000e-05   3.75252972e-01  6.90113482e-310
  5.58000000e-05   3.80443315e-01  6.90113482e-310
  5.60000000e-05   3.91915684e-01  6.90113482e-310
  5.61000000e-05   3.97641917e-01  6.90113482e-310
  5.62000000e-05   4.03180958e-01  6.90113482e-310
  5.64000000e-05   4.13758985e-01  6.90113482e-310
  5.65000000e-05   4.18668475e-01  6.90113482e-310
  5.66000000e-05   4.23211943e-01  6.90113482e-310
  5.68000000e-05   4.30765059e-01  6.90113482e-310
  5.69000000e-05   4.34566614e-01  6.90113482e-310
  5.70000000e-05   4.38409173e-01  6.90113482e-310
  5.72000000e-05   4.45250071e-01  6.90113482e-310
  5.73000000e-05   4.48575028e-01  6.90113482e-310
  5.74000000e-05   4.51659127e-01  6.90113482e-310
  5.76000000e-05   4.56500107e-01  6.90113482e-310
  5.77000000e-05   4.58745375e-01  6.90113482e-310
  5.78000000e-05   4.60808941e-01  6.90113482e-310
  5.80000000e-05   4.64877677e-01  6.90113482e-310
  5.81000000e-05   4.66910263e-01  6.90113482e-310
  5.82000000e-05   4.68517328e-01  6.90113482e-310
  5.84000000e-05   4.70081161e-01  6.90113482e-310
  5.85000000e-05   4.70863596e-01  6.90113482e-310
  5.86000000e-05   4.71477704e-01  6.90113482e-310
  5.88000000e-05   4.72787097e-01  6.90113482e-310
  5.89000000e-05   4.73746898e-01  6.90113482e-310
  5.90000000e-05   4.74744139e-01  6.90113482e-310
  5.92000000e-05   4.76384816e-01  6.90113482e-310
  5.93000000e-05   4.77134182e-01  6.90113482e-310
  5.94000000e-05   4.77966584e-01  6.90113482e-310
  5.96000000e-05   4.79431929e-01  6.90113482e-310
  5.97000000e-05   4.80040946e-01  6.90113482e-310
  5.98000000e-05   4.80548107e-01  6.90113482e-310
  6.00000000e-05   4.81424710e-01  6.90113482e-310
  6.01000000e-05   4.81745234e-01  6.90113482e-310
  6.02000000e-05   4.82139621e-01  6.90113482e-310
  6.04000000e-05   4.83558098e-01  6.90113482e-310
  6.05000000e-05   4.84661500e-01  6.90113482e-310
  6.06000000e-05   4.86046522e-01  6.90113482e-310
  6.08000000e-05   4.88658044e-01  6.90113482e-310
  6.09000000e-05   4.89782780e-01  6.90113482e-310
  6.10000000e-05   4.90681415e-01  6.90113482e-310
  6.12000000e-05   4.91766119e-01  6.90113482e-310
  6.13000000e-05   4.91995346e-01  6.90113482e-310
  6.14000000e-05   4.92386593e-01  6.90113482e-310
  6.16000000e-05   4.93593946e-01  6.90113482e-310
  6.17000000e-05   4.94152928e-01  6.90113482e-310
  6.18000000e-05   4.94664075e-01  6.90113482e-310
  6.20000000e-05   4.95906897e-01  6.90113482e-310
  6.21000000e-05   4.96499309e-01  6.90113482e-310
  6.22000000e-05   4.97072509e-01  6.90113482e-310
  6.24000000e-05   4.98115988e-01  6.90113482e-310
  6.25000000e-05   4.98493911e-01  6.90113482e-310
  6.26000000e-05   4.98751409e-01  6.90113482e-310
  6.28000000e-05   4.99173565e-01  6.90113482e-310
  6.29000000e-05   4.99427928e-01  6.90113482e-310
  6.30000000e-05   4.99656950e-01  6.90113482e-310
  6.32000000e-05   5.00049425e-01  6.90113482e-310
  6.33000000e-05   5.00228385e-01  6.90113482e-310
  6.34000000e-05   5.00369658e-01  6.90113482e-310
  6.36000000e-05   5.00649656e-01  6.90113482e-310
  6.37000000e-05   5.00773899e-01  6.90113482e-310
  6.38000000e-05   5.00872553e-01  6.90113482e-310
  6.40000000e-05   5.01135421e-01  6.90113482e-310
  6.41000000e-05   5.01274390e-01  6.90113482e-310
  6.42000000e-05   5.01427377e-01  6.90113482e-310
  6.44000000e-05   5.01695471e-01  6.90113482e-310
  6.45000000e-05   5.01835046e-01  6.90113482e-310
  6.46000000e-05   5.01969187e-01  6.90113482e-310
  6.48000000e-05   5.02275211e-01  6.90113482e-310
  6.49000000e-05   5.02468880e-01  6.90113482e-310
  6.50000000e-05   5.02654465e-01  6.90113482e-310
  6.52000000e-05   5.02950551e-01  6.90113482e-310
  6.53000000e-05   5.03093531e-01  6.90113482e-310
  6.54000000e-05   5.03216708e-01  6.90113482e-310
  6.56000000e-05   5.03424439e-01  6.90113482e-310
  6.57000000e-05   5.03518232e-01  6.90113482e-310
  6.58000000e-05   5.03630459e-01  6.90113482e-310
  6.60000000e-05   5.03879334e-01  6.90113482e-310
  6.61000000e-05   5.04022392e-01  6.90113482e-310
  6.62000000e-05   5.04166616e-01  6.90113482e-310
  6.64000000e-05   5.04532125e-01  6.90113482e-310
  6.65000000e-05   5.04725505e-01  6.90113482e-310
  6.66000000e-05   5.04923088e-01  6.90113482e-310
  6.68000000e-05   5.05344175e-01  6.90113482e-310
  6.69000000e-05   5.05533225e-01  6.90113482e-310
  6.70000000e-05   5.05736756e-01  6.90113482e-310
  6.72000000e-05   5.06173772e-01  6.90113482e-310
  6.73000000e-05   5.06436785e-01  6.90113482e-310
  6.74000000e-05   5.06676016e-01  6.90113482e-310
  6.76000000e-05   5.07232305e-01  6.90113482e-310
  6.77000000e-05   5.07664429e-01  6.90113482e-310
  6.78000000e-05   5.08150212e-01  6.90113482e-310
  6.80000000e-05   5.09147804e-01  6.90113482e-310
  6.81000000e-05   5.09616685e-01  6.90113482e-310
  6.82000000e-05   5.10025199e-01  6.90113482e-310
  6.84000000e-05   5.10827852e-01  6.90113482e-310
  6.85000000e-05   5.11288573e-01  6.90113482e-310
  6.86000000e-05   5.11783363e-01  6.90113482e-310
  6.88000000e-05   5.12746452e-01  6.90113482e-310
  6.89000000e-05   5.13194635e-01  6.90113482e-310
  6.90000000e-05   5.13652300e-01  6.90113482e-310
  6.92000000e-05   5.14447595e-01  6.90113482e-310
  6.93000000e-05   5.14726891e-01  6.90113482e-310
  6.94000000e-05   5.14963607e-01  6.90113482e-310
  6.96000000e-05   5.15459929e-01  6.90113482e-310
  6.97000000e-05   5.15752719e-01  6.90113482e-310
  6.98000000e-05   5.16085602e-01  6.90113482e-310
  7.00000000e-05   5.16617314e-01  6.90113482e-310
  7.01000000e-05   5.16867326e-01  6.90113482e-310
  7.02000000e-05   5.17127915e-01  6.90113482e-310
  7.04000000e-05   5.17568228e-01  6.90113482e-310
  7.05000000e-05   5.17761617e-01  6.90113482e-310
  7.06000000e-05   5.17896812e-01  6.90113482e-310
  7.08000000e-05   5.18230388e-01  6.90113482e-310
  7.09000000e-05   5.18409324e-01  6.90113482e-310
  7.10000000e-05   5.18548695e-01  6.90113482e-310
  7.12000000e-05   5.18792179e-01  6.90113482e-310
  7.13000000e-05   5.18898745e-01  6.90113482e-310
  7.14000000e-05   5.19033250e-01  6.90113482e-310
  7.16000000e-05   5.19257597e-01  6.90113482e-310
  7.17000000e-05   5.19309155e-01  6.90113482e-310
  7.18000000e-05   5.19359425e-01  6.90113482e-310
  7.20000000e-05   5.19452831e-01  6.90113482e-310
  7.21000000e-05   5.19495482e-01  6.90113482e-310
  7.22000000e-05   5.19575580e-01  6.90113482e-310
  7.24000000e-05   5.19848774e-01  6.90113482e-310
  7.25000000e-05   5.19995352e-01  6.90113482e-310
  7.26000000e-05   5.20242844e-01  6.90113482e-310
  7.28000000e-05   5.20709249e-01  6.90113482e-310
  7.29000000e-05   5.20893757e-01  6.90113482e-310
  7.30000000e-05   5.21022153e-01  6.90113482e-310
  7.32000000e-05   5.21272595e-01  6.90113482e-310
  7.33000000e-05   5.21428988e-01  6.90113482e-310
  7.34000000e-05   5.21536104e-01  6.90113482e-310
  7.36000000e-05   5.21705140e-01  6.90113482e-310
  7.37000000e-05   5.21799343e-01  6.90113482e-310
  7.38000000e-05   5.21883960e-01  6.90113482e-310
  7.40000000e-05   5.22002385e-01  6.90113482e-310
  7.41000000e-05   5.22051957e-01  6.90113482e-310
  7.42000000e-05   5.22100531e-01  6.90113482e-310
  7.44000000e-05   5.22198855e-01  6.90113482e-310
  7.45000000e-05   5.22247012e-01  6.90113482e-310
  7.46000000e-05   5.22298687e-01  6.90113482e-310
  7.48000000e-05   5.22395259e-01  6.90113482e-310
  7.49000000e-05   5.22442411e-01  6.90113482e-310
  7.50000000e-05   5.22498129e-01  6.90113482e-310
  7.52000000e-05   5.22602598e-01  6.90113482e-310
  7.53000000e-05   5.22651905e-01  6.90113482e-310
  7.54000000e-05   5.22702124e-01  6.90113482e-310
  7.56000000e-05   5.22805191e-01  6.90113482e-310
  7.57000000e-05   5.22858656e-01  6.90113482e-310
  7.58000000e-05   5.22912936e-01  6.90113482e-310
  7.60000000e-05   5.23233366e-01  6.90113482e-310
  7.61000000e-05   5.23587288e-01  6.90113482e-310
  7.62000000e-05   5.23780260e-01  6.90113482e-310
  7.64000000e-05   5.23936122e-01  6.90113482e-310
  7.65000000e-05   5.23994128e-01  6.90113482e-310
  7.66000000e-05   5.24079846e-01  6.90113482e-310
  7.68000000e-05   5.24344603e-01  6.90113482e-310
  7.69000000e-05   5.24467802e-01  6.90113482e-310
  7.70000000e-05   5.24534563e-01  6.90113482e-310
  7.72000000e-05   5.24631118e-01  6.90113482e-310
  7.73000000e-05   5.24680701e-01  6.90113482e-310
  7.74000000e-05   5.24729500e-01  6.90113482e-310
  7.76000000e-05   5.24830566e-01  6.90113482e-310
  7.77000000e-05   5.24883443e-01  6.90113482e-310
  7.78000000e-05   5.24961324e-01  6.90113482e-310
  7.80000000e-05   5.25200239e-01  6.90113482e-310
  7.81000000e-05   5.25396643e-01  6.90113482e-310
  7.82000000e-05   5.25669656e-01  6.90113482e-310
  7.84000000e-05   5.25953688e-01  6.90113482e-310
  7.85000000e-05   5.26049562e-01  6.90113482e-310
  7.86000000e-05   5.26149848e-01  6.90113482e-310
  7.88000000e-05   5.26612766e-01  6.90113482e-310
  7.89000000e-05   5.26790717e-01  6.90113482e-310
  7.90000000e-05   5.26915572e-01  6.90113482e-310
  7.92000000e-05   5.27099575e-01  6.90113482e-310
  7.93000000e-05   5.27202899e-01  6.90113482e-310
  7.94000000e-05   5.27333460e-01  6.90113482e-310
  7.96000000e-05   5.28005616e-01  6.90113482e-310
  7.97000000e-05   5.28517213e-01  6.90113482e-310
  7.98000000e-05   5.28977845e-01  6.90113482e-310
  8.00000000e-05   5.29965943e-01  6.90113482e-310
  8.01000000e-05   5.30358908e-01  6.90113482e-310
  8.02000000e-05   5.30770707e-01  6.90113482e-310
  8.04000000e-05   5.32078582e-01  6.90113482e-310
  8.05000000e-05   5.32817575e-01  6.90113482e-310
  8.06000000e-05   5.33539175e-01  6.90113482e-310
  8.08000000e-05   5.34810515e-01  6.90113482e-310
  8.09000000e-05   5.35260683e-01  6.90113482e-310
  8.10000000e-05   5.35656941e-01  6.90113482e-310
  8.12000000e-05   5.36202191e-01  6.90113482e-310
  8.13000000e-05   5.36262438e-01  6.90113482e-310
  8.14000000e-05   5.36296742e-01  6.90113482e-310
  8.16000000e-05   5.36365717e-01  6.90113482e-310
  8.17000000e-05   5.36622082e-01  6.90113482e-310
  8.18000000e-05   5.37039607e-01  6.90113482e-310
  8.20000000e-05   5.37755987e-01  6.90113482e-310
  8.21000000e-05   5.37857280e-01  6.90113482e-310
  8.22000000e-05   5.37882636e-01  6.90113482e-310
  8.24000000e-05   5.37926353e-01  6.90113482e-310
  8.25000000e-05   5.37947354e-01  6.90113482e-310
  8.26000000e-05   5.37966748e-01  6.90113482e-310
  8.28000000e-05   5.38002214e-01  6.90113482e-310
  8.29000000e-05   5.38018853e-01  6.90113482e-310
  8.30000000e-05   5.38035035e-01  6.90113482e-310
  8.32000000e-05   5.38066058e-01  6.90113482e-310
  8.33000000e-05   5.38096570e-01  6.90113482e-310
  8.34000000e-05   5.38158881e-01  6.90113482e-310
  8.36000000e-05   5.38287890e-01  6.90113482e-310
  8.37000000e-05   5.38375166e-01  6.90113482e-310
  8.38000000e-05   5.38451561e-01  6.90113482e-310
  8.40000000e-05   5.38549762e-01  6.90113482e-310
  8.41000000e-05   5.38572609e-01  6.90113482e-310
  8.42000000e-05   5.38591291e-01  6.90113482e-310
  8.44000000e-05   5.38622726e-01  6.90113482e-310
  8.45000000e-05   5.38629202e-01  6.90113482e-310
  8.46000000e-05   5.38637750e-01  6.90113482e-310
  8.48000000e-05   5.38657976e-01  6.90113482e-310
  8.49000000e-05   5.38671475e-01  6.90113482e-310
  8.50000000e-05   5.38679120e-01  6.90113482e-310
  8.52000000e-05   5.38694399e-01  6.90113482e-310
  8.53000000e-05   5.38701817e-01  6.90113482e-310
  8.54000000e-05   5.38708123e-01  6.90113482e-310
  8.56000000e-05   5.38723296e-01  6.90113482e-310
  8.57000000e-05   5.38733810e-01  6.90113482e-310
  8.58000000e-05   5.38766853e-01  6.90113482e-310
  8.60000000e-05   5.38859182e-01  6.90113482e-310
  8.61000000e-05   5.38916976e-01  6.90113482e-310
  8.62000000e-05   5.38965796e-01  6.90113482e-310
  8.64000000e-05   5.39028496e-01  6.90113482e-310
  8.65000000e-05   5.39117878e-01  6.90113482e-310
  8.66000000e-05   5.39413480e-01  6.90113482e-310
  8.68000000e-05   5.40496278e-01  6.90113482e-310
  8.69000000e-05   5.41287933e-01  6.90113482e-310
  8.70000000e-05   5.42143096e-01  6.90113482e-310
  8.72000000e-05   5.43456088e-01  6.90113482e-310
  8.73000000e-05   5.43918121e-01  6.90113482e-310
  8.74000000e-05   5.44435694e-01  6.90113482e-310
  8.76000000e-05   5.44914024e-01  6.90113482e-310
  8.77000000e-05   5.44975394e-01  6.90113482e-310
  8.78000000e-05   5.45031597e-01  6.90113482e-310
  8.80000000e-05   5.45590865e-01  6.90113482e-310
  8.81000000e-05   5.45978642e-01  6.90113482e-310
  8.82000000e-05   5.46210525e-01  6.90113482e-310
  8.84000000e-05   5.46404766e-01  6.90113482e-310
  8.85000000e-05   5.46645858e-01  6.90113482e-310
  8.86000000e-05   5.46850508e-01  6.90113482e-310
  8.88000000e-05   5.47685425e-01  6.90113482e-310
  8.89000000e-05   5.48385050e-01  6.90113482e-310
  8.90000000e-05   5.49028041e-01  6.90113482e-310
  8.92000000e-05   5.49685038e-01  6.90113482e-310
  8.93000000e-05   5.49757985e-01  6.90113482e-310
  8.94000000e-05   5.49830896e-01  6.90113482e-310
  8.96000000e-05   5.49909024e-01  6.90113482e-310
  8.97000000e-05   5.49960539e-01  6.90113482e-310
  8.98000000e-05   5.50008235e-01  6.90113482e-310
  9.00000000e-05   5.50093723e-01  6.90113482e-310
  9.01000000e-05   5.50293609e-01  6.90113482e-310
  9.02000000e-05   5.50532976e-01  6.90113482e-310
  9.04000000e-05   5.50810844e-01  6.90113482e-310
  9.05000000e-05   5.51177380e-01  6.90113482e-310
  9.06000000e-05   5.51652666e-01  6.90113482e-310
  9.08000000e-05   5.51859520e-01  6.90113482e-310
  9.09000000e-05   5.51892652e-01  6.90113482e-310
  9.10000000e-05   5.51927308e-01  6.90113482e-310
  9.12000000e-05   5.51999478e-01  6.90113482e-310
  9.13000000e-05   5.52037273e-01  6.90113482e-310
  9.14000000e-05   5.52076189e-01  6.90113482e-310
  9.16000000e-05   5.52236115e-01  6.90113482e-310
  9.17000000e-05   5.52317372e-01  6.90113482e-310
  9.18000000e-05   5.52451453e-01  6.90113482e-310
  9.20000000e-05   5.52791123e-01  6.90113482e-310
  9.21000000e-05   5.53238312e-01  6.90113482e-310
  9.22000000e-05   5.53709369e-01  6.90113482e-310
  9.24000000e-05   5.55732026e-01  6.90113482e-310
  9.25000000e-05   5.57675656e-01  6.90113482e-310
  9.26000000e-05   5.59661074e-01  6.90113482e-310
  9.28000000e-05   5.62804288e-01  6.90113482e-310
  9.29000000e-05   5.63831259e-01  6.90113482e-310
  9.30000000e-05   5.64610787e-01  6.90113482e-310
  9.32000000e-05   5.66048517e-01  6.90113482e-310
  9.33000000e-05   5.66459932e-01  6.90113482e-310
  9.34000000e-05   5.66876458e-01  6.90113482e-310
  9.36000000e-05   5.67918087e-01  6.90113482e-310
  9.37000000e-05   5.68393925e-01  6.90113482e-310
  9.38000000e-05   5.68727613e-01  6.90113482e-310
  9.40000000e-05   5.69458647e-01  6.90113482e-310
  9.41000000e-05   5.69902457e-01  6.90113482e-310
  9.42000000e-05   5.70324803e-01  6.90113482e-310
  9.44000000e-05   5.71296055e-01  6.90113482e-310
  9.45000000e-05   5.72143454e-01  6.90113482e-310
  9.46000000e-05   5.73200144e-01  6.90113482e-310
  9.48000000e-05   5.75346318e-01  6.90113482e-310
  9.49000000e-05   5.76428128e-01  6.90113482e-310
  9.50000000e-05   5.77343396e-01  6.90113482e-310
  9.52000000e-05   5.78696441e-01  6.90113482e-310
  9.53000000e-05   5.79097679e-01  6.90113482e-310
  9.54000000e-05   5.79477127e-01  6.90113482e-310
  9.56000000e-05   5.80088009e-01  6.90113482e-310
  9.57000000e-05   5.80445262e-01  6.90113482e-310
  9.58000000e-05   5.80769834e-01  6.90113482e-310
  9.60000000e-05   5.81420723e-01  6.90113482e-310
  9.61000000e-05   5.81825397e-01  6.90113482e-310
  9.62000000e-05   5.82330363e-01  6.90113482e-310
  9.64000000e-05   5.83329459e-01  6.90113482e-310
  9.65000000e-05   5.83771715e-01  6.90113482e-310
  9.66000000e-05   5.84155381e-01  6.90113482e-310
  9.68000000e-05   5.85140295e-01  6.90113482e-310
  9.69000000e-05   5.85669583e-01  6.90113482e-310
  9.70000000e-05   5.86151621e-01  6.90113482e-310
  9.72000000e-05   5.87053168e-01  6.90113482e-310
  9.73000000e-05   5.87514829e-01  6.90113482e-310
  9.74000000e-05   5.87955340e-01  6.90113482e-310
  9.76000000e-05   5.88801799e-01  6.90113482e-310
  9.77000000e-05   5.89292718e-01  6.90113482e-310
  9.78000000e-05   5.89798393e-01  6.90113482e-310
  9.80000000e-05   5.91139899e-01  6.90113482e-310
  9.81000000e-05   5.91760686e-01  6.90113482e-310
  9.82000000e-05   5.92380209e-01  6.90113482e-310
  9.84000000e-05   5.93726681e-01  6.90113482e-310
  9.85000000e-05   5.94399321e-01  6.90113482e-310
  9.86000000e-05   5.95116791e-01  6.90113482e-310
  9.88000000e-05   5.96828819e-01  6.90113482e-310
  9.89000000e-05   5.97857030e-01  6.90113482e-310
  9.90000000e-05   5.99027810e-01  6.90113482e-310
  9.92000000e-05   6.01844667e-01  6.90113482e-310
  9.93000000e-05   6.03486316e-01  6.90113482e-310
  9.94000000e-05   6.05379186e-01  6.90113482e-310
  9.96000000e-05   6.12895993e-01  6.90113482e-310
  9.97000000e-05   6.18796442e-01  6.90113482e-310
  9.98000000e-05   6.24863030e-01  6.90113482e-310
  1.00000000e-04   6.37651007e-01  6.90113482e-310
  1.00100000e-04   6.44493488e-01  6.90113482e-310
  1.00200000e-04   6.51891580e-01  6.90113482e-310
  1.00400000e-04   6.68255105e-01  6.90113482e-310
  1.00500000e-04   6.76889555e-01  6.90113482e-310
  1.00600000e-04   6.85713172e-01  6.90113482e-310
  1.00800000e-04   7.05003465e-01  6.90113482e-310
  1.00900000e-04   7.16790592e-01  6.90113482e-310
  1.01000000e-04   7.30428256e-01  6.90113482e-310
  1.01200000e-04   7.58494250e-01  6.90113482e-310
  1.01300000e-04   7.71988083e-01  6.90113482e-310
  1.01400000e-04   7.84646865e-01  6.90113482e-310
  1.01600000e-04   8.09447929e-01  6.90113482e-310
  1.01700000e-04   8.21735941e-01  6.90113482e-310
  1.01800000e-04   8.34247873e-01  6.90113482e-310
  1.02000000e-04   8.60336829e-01  6.90113482e-310
  1.02100000e-04   8.73148391e-01  6.90113482e-310
  1.02200000e-04   8.86949679e-01  6.90113482e-310
  1.02400000e-04   9.14443685e-01  6.90113482e-310
  1.02500000e-04   9.28502881e-01  6.90113482e-310
  1.02600000e-04   9.43444459e-01  6.90113482e-310
  1.02800000e-04   9.75911718e-01  6.90113482e-310
  1.02900000e-04   9.93554431e-01  6.90113482e-310
  1.03000000e-04   1.01189259e+00  6.90113482e-310
  1.03200000e-04   1.04553102e+00  6.90113482e-310
  1.03300000e-04   1.06169371e+00  6.90113482e-310
  1.03400000e-04   1.07766788e+00  6.90113482e-310
  1.03600000e-04   1.11058430e+00  6.90113482e-310
  1.03700000e-04   1.12769954e+00  6.90113482e-310
  1.03800000e-04   1.14501430e+00  6.90113482e-310
  1.04000000e-04   1.17694339e+00  6.90113482e-310
  1.04100000e-04   1.19239711e+00  6.90113482e-310
  1.04200000e-04   1.20815700e+00  6.90113482e-310
  1.04400000e-04   1.24047242e+00  6.90113482e-310
  1.04500000e-04   1.25819988e+00  6.90113482e-310
  1.04600000e-04   1.27465570e+00  6.90113482e-310
  1.04800000e-04   1.30633222e+00  6.90113482e-310
  1.04900000e-04   1.32212360e+00  6.90113482e-310
  1.05000000e-04   1.33761669e+00  6.90113482e-310
  1.05200000e-04   1.36999144e+00  6.90113482e-310
  1.05300000e-04   1.38759452e+00  6.90113482e-310
  1.05400000e-04   1.40406177e+00  6.90113482e-310
  1.05600000e-04   1.43526651e+00  6.90113482e-310
  1.05700000e-04   1.45129038e+00  6.90113482e-310
  1.05800000e-04   1.46711916e+00  6.90113482e-310
  1.06000000e-04   1.49893098e+00  6.90113482e-310
  1.06100000e-04   1.51497924e+00  6.90113482e-310
  1.06200000e-04   1.53032771e+00  6.90113482e-310
  1.06400000e-04   1.56308244e+00  6.90113482e-310
  1.06500000e-04   1.58320674e+00  6.90113482e-310
  1.06600000e-04   1.60434848e+00  6.90113482e-310
  1.06800000e-04   1.64509760e+00  6.90113482e-310
  1.06900000e-04   1.66482179e+00  6.90113482e-310
  1.07000000e-04   1.68295607e+00  6.90113482e-310
  1.07200000e-04   1.71890182e+00  6.90113482e-310
  1.07300000e-04   1.73548085e+00  6.90113482e-310
  1.07400000e-04   1.75119088e+00  6.90113482e-310
  1.07600000e-04   1.78149245e+00  6.90113482e-310
  1.07700000e-04   1.79646548e+00  6.90113482e-310
  1.07800000e-04   1.81125110e+00  6.90113482e-310
  1.08000000e-04   1.84102998e+00  6.90113482e-310
  1.08100000e-04   1.85611777e+00  6.90113482e-310
  1.08200000e-04   1.87144718e+00  6.90113482e-310
  1.08400000e-04   1.90213586e+00  6.90113482e-310
  1.08500000e-04   1.91747640e+00  6.90113482e-310
  1.08600000e-04   1.93229484e+00  6.90113482e-310
  1.08800000e-04   1.96383291e+00  6.90113482e-310
  1.08900000e-04   1.97924925e+00  6.90113482e-310
  1.09000000e-04   1.99550045e+00  6.90113482e-310
  1.09200000e-04   2.02779260e+00  6.90113482e-310
  1.09300000e-04   2.04435075e+00  6.90113482e-310
  1.09400000e-04   2.06074278e+00  6.90113482e-310
  1.09600000e-04   2.09040220e+00  6.90113482e-310
  1.09700000e-04   2.10613959e+00  6.90113482e-310
  1.09800000e-04   2.12105942e+00  6.90113482e-310
  1.10000000e-04   2.15056575e+00  6.90113482e-310
  1.10100000e-04   2.16571602e+00  6.90113482e-310
  1.10200000e-04   2.17996605e+00  6.90113482e-310
  1.10400000e-04   2.20892209e+00  6.90113482e-310
  1.10500000e-04   2.22426561e+00  6.90113482e-310
  1.10600000e-04   2.24032702e+00  6.90113482e-310
  1.10800000e-04   2.27255909e+00  6.90113482e-310
  1.10900000e-04   2.28880023e+00  6.90113482e-310
  1.11000000e-04   2.30498004e+00  6.90113482e-310
  1.11200000e-04   2.33744992e+00  6.90113482e-310
  1.11300000e-04   2.35390490e+00  6.90113482e-310
  1.11400000e-04   2.37085357e+00  6.90113482e-310
  1.11600000e-04   2.40388709e+00  6.90113482e-310
  1.11700000e-04   2.41912834e+00  6.90113482e-310
  1.11800000e-04   2.43375868e+00  6.90113482e-310
  1.12000000e-04   2.46337059e+00  6.90113482e-310
  1.12100000e-04   2.47772548e+00  6.90113482e-310
  1.12200000e-04   2.49226591e+00  6.90113482e-310
  1.12400000e-04   2.52123540e+00  6.90113482e-310
  1.12500000e-04   2.53538858e+00  6.90113482e-310
  1.12600000e-04   2.54972906e+00  6.90113482e-310
  1.12800000e-04   2.58173486e+00  6.90113482e-310
  1.12900000e-04   2.59817893e+00  6.90113482e-310
  1.13000000e-04   2.61489299e+00  6.90113482e-310
  1.13200000e-04   2.64760258e+00  6.90113482e-310
  1.13300000e-04   2.66349766e+00  6.90113482e-310
  1.13400000e-04   2.67937368e+00  6.90113482e-310
  1.13600000e-04   2.71120379e+00  6.90113482e-310
  1.13700000e-04   2.72620247e+00  6.90113482e-310
  1.13800000e-04   2.74095426e+00  6.90113482e-310
  1.14000000e-04   2.76923866e+00  6.90113482e-310
  1.14100000e-04   2.78351915e+00  6.90113482e-310
  1.14200000e-04   2.79765513e+00  6.90113482e-310
  1.14400000e-04   2.82552659e+00  6.90113482e-310
  1.14500000e-04   2.84039444e+00  6.90113482e-310
  1.14600000e-04   2.85456381e+00  6.90113482e-310
  1.14800000e-04   2.88483807e+00  6.90113482e-310
  1.14900000e-04   2.89924709e+00  6.90113482e-310
  1.15000000e-04   2.91366114e+00  6.90113482e-310
  1.15200000e-04   2.94432907e+00  6.90113482e-310
  1.15300000e-04   2.96003292e+00  6.90113482e-310
  1.15400000e-04   2.97609310e+00  6.90113482e-310
  1.15600000e-04   3.00862155e+00  6.90113482e-310
  1.15700000e-04   3.02551400e+00  6.90113482e-310
  1.15800000e-04   3.04189851e+00  6.90113482e-310
  1.16000000e-04   3.07494719e+00  6.90113482e-310
  1.16100000e-04   3.09144003e+00  6.90113482e-310
  1.16200000e-04   3.10831877e+00  6.90113482e-310
  1.16400000e-04   3.14152881e+00  6.90113482e-310
  1.16500000e-04   3.15848476e+00  6.90113482e-310
  1.16600000e-04   3.17514210e+00  6.90113482e-310
  1.16800000e-04   3.20929006e+00  6.90113482e-310
  1.16900000e-04   3.22657435e+00  6.90113482e-310
  1.17000000e-04   3.24338023e+00  6.90113482e-310
  1.17200000e-04   3.27735678e+00  6.90113482e-310
  1.17300000e-04   3.29483070e+00  6.90113482e-310
  1.17400000e-04   3.31142154e+00  6.90113482e-310
  1.17600000e-04   3.34231867e+00  6.90113482e-310
  1.17700000e-04   3.35678593e+00  6.90113482e-310
  1.17800000e-04   3.37177176e+00  6.90113482e-310
  1.18000000e-04   3.40247135e+00  6.90113482e-310
  1.18100000e-04   3.41804308e+00  6.90113482e-310
  1.18200000e-04   3.43409228e+00  6.90113482e-310
  1.18400000e-04   3.46550022e+00  6.90113482e-310
  1.18500000e-04   3.48154402e+00  6.90113482e-310
  1.18600000e-04   3.49701627e+00  6.90113482e-310
  1.18800000e-04   3.52811375e+00  6.90113482e-310
  1.18900000e-04   3.54312595e+00  6.90113482e-310
  1.19000000e-04   3.55797442e+00  6.90113482e-310
  1.19200000e-04   3.58807117e+00  6.90113482e-310
  1.19300000e-04   3.60330055e+00  6.90113482e-310
  1.19400000e-04   3.61859982e+00  6.90113482e-310
  1.19600000e-04   3.65029477e+00  6.90113482e-310
  1.19700000e-04   3.66613155e+00  6.90113482e-310
  1.19800000e-04   3.68236147e+00  6.90113482e-310
  1.20000000e-04   3.71281224e+00  6.90113482e-310
  1.20100000e-04   3.72665982e+00  6.90113482e-310
  1.20200000e-04   3.74055339e+00  6.90113482e-310
  1.20400000e-04   3.76801449e+00  6.90113482e-310
  1.20500000e-04   3.78253547e+00  6.90113482e-310
  1.20600000e-04   3.79714824e+00  6.90113482e-310
  1.20800000e-04   3.82659567e+00  6.90113482e-310
  1.20900000e-04   3.84139308e+00  6.90113482e-310
  1.21000000e-04   3.85602040e+00  6.90113482e-310
  1.21200000e-04   3.88459983e+00  6.90113482e-310
  1.21300000e-04   3.89914225e+00  6.90113482e-310
  1.21400000e-04   3.91300360e+00  6.90113482e-310
  1.21600000e-04   3.94066305e+00  6.90113482e-310
  1.21700000e-04   3.95433639e+00  6.90113482e-310
  1.21800000e-04   3.96821294e+00  6.90113482e-310
  1.22000000e-04   3.99725273e+00  6.90113482e-310
  1.22100000e-04   4.01229211e+00  6.90113482e-310
  1.22200000e-04   4.02717492e+00  6.90113482e-310
  1.22400000e-04   4.05694060e+00  6.90113482e-310
  1.22500000e-04   4.07127330e+00  6.90113482e-310
  1.22600000e-04   4.08580242e+00  6.90113482e-310
  1.22800000e-04   4.11652880e+00  6.90113482e-310
  1.22900000e-04   4.13250770e+00  6.90113482e-310
  1.23000000e-04   4.14832662e+00  6.90113482e-310
  1.23200000e-04   4.18010621e+00  6.90113482e-310
  1.23300000e-04   4.19625140e+00  6.90113482e-310
  1.23400000e-04   4.21326698e+00  6.90113482e-310
  1.23600000e-04   4.24705289e+00  6.90113482e-310
  1.23700000e-04   4.26440686e+00  6.90113482e-310
  1.23800000e-04   4.28159925e+00  6.90113482e-310
  1.24000000e-04   4.31455444e+00  6.90113482e-310
  1.24100000e-04   4.33138937e+00  6.90113482e-310
  1.24200000e-04   4.34834258e+00  6.90113482e-310
  1.24400000e-04   4.38173218e+00  6.90113482e-310
  1.24500000e-04   4.39842903e+00  6.90113482e-310
  1.24600000e-04   4.41498427e+00  6.90113482e-310
  1.24800000e-04   4.44709554e+00  6.90113482e-310
  1.24900000e-04   4.46311907e+00  6.90113482e-310
  1.25000000e-04   4.47865525e+00  6.90113482e-310
  1.25200000e-04   4.51072343e+00  6.90113482e-310
  1.25300000e-04   4.52587041e+00  6.90113482e-310
  1.25400000e-04   4.54121231e+00  6.90113482e-310
  1.25600000e-04   4.57198381e+00  6.90113482e-310
  1.25700000e-04   4.58750110e+00  6.90113482e-310
  1.25800000e-04   4.60303102e+00  6.90113482e-310
  1.26000000e-04   4.63328636e+00  6.90113482e-310
  1.26100000e-04   4.64898370e+00  6.90113482e-310
  1.26200000e-04   4.66508803e+00  6.90113482e-310
  1.26400000e-04   4.69587699e+00  6.90113482e-310
  1.26500000e-04   4.71140579e+00  6.90113482e-310
  1.26600000e-04   4.72647048e+00  6.90113482e-310
  1.26800000e-04   4.75762083e+00  6.90113482e-310
  1.26900000e-04   4.77305914e+00  6.90113482e-310
  1.27000000e-04   4.78887871e+00  6.90113482e-310
  1.27200000e-04   4.82006115e+00  6.90113482e-310
  1.27300000e-04   4.83562345e+00  6.90113482e-310
  1.27400000e-04   4.85115127e+00  6.90113482e-310
  1.27600000e-04   4.88067361e+00  6.90113482e-310
  1.27700000e-04   4.89605913e+00  6.90113482e-310
  1.27800000e-04   4.91165534e+00  6.90113482e-310
  1.28000000e-04   4.94194255e+00  6.90113482e-310
  1.28100000e-04   4.95629618e+00  6.90113482e-310
  1.28200000e-04   4.97118230e+00  6.90113482e-310
  1.28400000e-04   5.00103813e+00  6.90113482e-310
  1.28500000e-04   5.01736056e+00  6.90113482e-310
  1.28600000e-04   5.03297397e+00  6.90113482e-310
  1.28800000e-04   5.06340107e+00  6.90113482e-310
  1.28900000e-04   5.07879217e+00  6.90113482e-310
  1.29000000e-04   5.09400327e+00  6.90113482e-310
  1.29200000e-04   5.12382391e+00  6.90113482e-310
  1.29300000e-04   5.13837691e+00  6.90113482e-310
  1.29400000e-04   5.15314196e+00  6.90113482e-310
  1.29600000e-04   5.18319346e+00  6.90113482e-310
  1.29700000e-04   5.19836661e+00  6.90113482e-310
  1.29800000e-04   5.21355222e+00  6.90113482e-310
  1.30000000e-04   5.24454604e+00  6.90113482e-310
  1.30100000e-04   5.25895417e+00  6.90113482e-310
  1.30200000e-04   5.27340244e+00  6.90113482e-310
  1.30400000e-04   5.30337548e+00  6.90113482e-310
  1.30500000e-04   5.31859901e+00  6.90113482e-310
  1.30600000e-04   5.33367391e+00  6.90113482e-310
  1.30800000e-04   5.36315757e+00  6.90113482e-310
  1.30900000e-04   5.37754057e+00  6.90113482e-310
  1.31000000e-04   5.39211677e+00  6.90113482e-310
  1.31200000e-04   5.42159906e+00  6.90113482e-310
  1.31300000e-04   5.43570926e+00  6.90113482e-310
  1.31400000e-04   5.44953484e+00  6.90113482e-310
  1.31600000e-04   5.47894171e+00  6.90113482e-310
  1.31700000e-04   5.49368212e+00  6.90113482e-310
  1.31800000e-04   5.50821821e+00  6.90113482e-310
  1.32000000e-04   5.53510890e+00  6.90113482e-310
  1.32100000e-04   5.54919449e+00  6.90113482e-310
  1.32200000e-04   5.56492954e+00  6.90113482e-310
  1.32400000e-04   5.59434784e+00  6.90113482e-310
  1.32500000e-04   5.60904670e+00  6.90113482e-310
  1.32600000e-04   5.62359386e+00  6.90113482e-310
  1.32800000e-04   5.65307737e+00  6.90113482e-310
  1.32900000e-04   5.66798237e+00  6.90113482e-310
  1.33000000e-04   5.68319858e+00  6.90113482e-310
  1.33200000e-04   5.71349780e+00  6.90113482e-310
  1.33300000e-04   5.72908926e+00  6.90113482e-310
  1.33400000e-04   5.74585912e+00  6.90113482e-310
  1.33600000e-04   5.78199745e+00  6.90113482e-310
  1.33700000e-04   5.79881523e+00  6.90113482e-310
  1.33800000e-04   5.81537714e+00  6.90113482e-310
  1.34000000e-04   5.84854666e+00  6.90113482e-310
  1.34100000e-04   5.86559588e+00  6.90113482e-310
  1.34200000e-04   5.88255157e+00  6.90113482e-310
  1.34400000e-04   5.91857624e+00  6.90113482e-310
  1.34500000e-04   5.93759123e+00  6.90113482e-310
  1.34600000e-04   5.95713604e+00  6.90113482e-310
  1.34800000e-04   5.99491100e+00  6.90113482e-310
  1.34900000e-04   6.01476302e+00  6.90113482e-310
  1.35000000e-04   6.03580009e+00  6.90113482e-310
  1.35200000e-04   6.07636149e+00  6.90113482e-310
  1.35300000e-04   6.09510348e+00  6.90113482e-310
  1.35400000e-04   6.11291166e+00  6.90113482e-310
  1.35600000e-04   6.14842562e+00  6.90113482e-310
  1.35700000e-04   6.16784107e+00  6.90113482e-310
  1.35800000e-04   6.18748373e+00  6.90113482e-310
  1.36000000e-04   6.22317770e+00  6.90113482e-310
  1.36100000e-04   6.24138713e+00  6.90113482e-310
  1.36200000e-04   6.25999457e+00  6.90113482e-310
  1.36400000e-04   6.29731793e+00  6.90113482e-310
  1.36500000e-04   6.31533868e+00  6.90113482e-310
  1.36600000e-04   6.33288488e+00  6.90113482e-310
  1.36800000e-04   6.37042289e+00  6.90113482e-310
  1.36900000e-04   6.38903911e+00  6.90113482e-310
  1.37000000e-04   6.40716223e+00  6.90113482e-310
  1.37200000e-04   6.44279810e+00  6.90113482e-310
  1.37300000e-04   6.46132504e+00  6.90113482e-310
  1.37400000e-04   6.48106858e+00  6.90113482e-310
  1.37600000e-04   6.52078593e+00  6.90113482e-310
  1.37700000e-04   6.53942442e+00  6.90113482e-310
  1.37800000e-04   6.55809716e+00  6.90113482e-310
  1.38000000e-04   6.59624903e+00  6.90113482e-310
  1.38100000e-04   6.61501217e+00  6.90113482e-310
  1.38200000e-04   6.63364041e+00  6.90113482e-310
  1.38400000e-04   6.67225299e+00  6.90113482e-310
  1.38500000e-04   6.69241729e+00  6.90113482e-310
  1.38600000e-04   6.71303074e+00  6.90113482e-310
  1.38800000e-04   6.75471008e+00  6.90113482e-310
  1.38900000e-04   6.77607886e+00  6.90113482e-310
  1.39000000e-04   6.79695046e+00  6.90113482e-310
  1.39200000e-04   6.83602879e+00  6.90113482e-310
  1.39300000e-04   6.85547812e+00  6.90113482e-310
  1.39400000e-04   6.87489814e+00  6.90113482e-310
  1.39600000e-04   6.91336769e+00  6.90113482e-310
  1.39700000e-04   6.93130085e+00  6.90113482e-310
  1.39800000e-04   6.94983742e+00  6.90113482e-310
  1.40000000e-04   6.98781590e+00  6.90113482e-310
  1.40100000e-04   7.00686295e+00  6.90113482e-310
  1.40200000e-04   7.02615493e+00  6.90113482e-310
  1.40400000e-04   7.06148450e+00  6.90113482e-310
  1.40500000e-04   7.07763237e+00  6.90113482e-310
  1.40600000e-04   7.09416291e+00  6.90113482e-310
  1.40800000e-04   7.12802018e+00  6.90113482e-310
  1.40900000e-04   7.14604211e+00  6.90113482e-310
  1.41000000e-04   7.16441618e+00  6.90113482e-310
  1.41200000e-04   7.20263878e+00  6.90113482e-310
  1.41300000e-04   7.22203867e+00  6.90113482e-310
  1.41400000e-04   7.24173405e+00  6.90113482e-310
  1.41600000e-04   7.28210066e+00  6.90113482e-310
  1.41700000e-04   7.30238031e+00  6.90113482e-310
  1.41800000e-04   7.32254398e+00  6.90113482e-310
  1.42000000e-04   7.36335844e+00  6.90113482e-310
  1.42100000e-04   7.38412264e+00  6.90113482e-310
  1.42200000e-04   7.40553407e+00  6.90113482e-310
  1.42400000e-04   7.44936867e+00  6.90113482e-310
  1.42500000e-04   7.47249254e+00  6.90113482e-310
  1.42600000e-04   7.49566856e+00  6.90113482e-310
  1.42800000e-04   7.54163638e+00  6.90113482e-310
  1.42900000e-04   7.56490009e+00  6.90113482e-310
  1.43000000e-04   7.58838869e+00  6.90113482e-310
  1.43200000e-04   7.63709207e+00  6.90113482e-310
  1.43300000e-04   7.66070013e+00  6.90113482e-310
  1.43400000e-04   7.68475862e+00  6.90113482e-310
  1.43600000e-04   7.73204816e+00  6.90113482e-310
  1.43700000e-04   7.75695950e+00  6.90113482e-310
  1.43800000e-04   7.78349074e+00  6.90113482e-310
  1.44000000e-04   7.83548902e+00  6.90113482e-310
  1.44100000e-04   7.86121930e+00  6.90113482e-310
  1.44200000e-04   7.88683081e+00  6.90113482e-310
  1.44400000e-04   7.94039141e+00  6.90113482e-310
  1.44500000e-04   7.96760159e+00  6.90113482e-310
  1.44600000e-04   7.99596996e+00  6.90113482e-310
  1.44800000e-04   8.05416426e+00  6.90113482e-310
  1.44900000e-04   8.08297191e+00  6.90113482e-310
  1.45000000e-04   8.11172721e+00  6.90113482e-310
  1.45200000e-04   8.17072201e+00  6.90113482e-310
  1.45300000e-04   8.20178995e+00  6.90113482e-310
  1.45400000e-04   8.23247174e+00  6.90113482e-310
  1.45600000e-04   8.29224299e+00  6.90113482e-310
  1.45700000e-04   8.32205945e+00  6.90113482e-310
  1.45800000e-04   8.35132745e+00  6.90113482e-310
  1.46000000e-04   8.40707312e+00  6.90113482e-310
  1.46100000e-04   8.43460356e+00  6.90113482e-310
  1.46200000e-04   8.46278631e+00  6.90113482e-310
  1.46400000e-04   8.52255147e+00  6.90113482e-310
  1.46500000e-04   8.55278880e+00  6.90113482e-310
  1.46600000e-04   8.58428455e+00  6.90113482e-310
  1.46800000e-04   8.65072609e+00  6.90113482e-310
  1.46900000e-04   8.68507793e+00  6.90113482e-310
  1.47000000e-04   8.71927342e+00  6.90113482e-310
  1.47200000e-04   8.78800835e+00  6.90113482e-310
  1.47300000e-04   8.82262954e+00  6.90113482e-310
  1.47400000e-04   8.85698048e+00  6.90113482e-310
  1.47600000e-04   8.92393470e+00  6.90113482e-310
  1.47700000e-04   8.95517070e+00  6.90113482e-310
  1.47800000e-04   8.98555491e+00  6.90113482e-310
  1.48000000e-04   9.04838102e+00  6.90113482e-310
  1.48100000e-04   9.08049511e+00  6.90113482e-310
  1.48200000e-04   9.11122895e+00  6.90113482e-310
  1.48400000e-04   9.16874517e+00  6.90113482e-310
  1.48500000e-04   9.19712656e+00  6.90113482e-310
  1.48600000e-04   9.22533444e+00  6.90113482e-310
  1.48800000e-04   9.28290368e+00  6.90113482e-310
  1.48900000e-04   9.31209288e+00  6.90113482e-310
  1.49000000e-04   9.34173988e+00  6.90113482e-310
  1.49200000e-04   9.40316720e+00  6.90113482e-310
  1.49300000e-04   9.43496162e+00  6.90113482e-310
  1.49400000e-04   9.46593610e+00  6.90113482e-310
  1.49600000e-04   9.52593120e+00  6.90113482e-310
  1.49700000e-04   9.55517404e+00  6.90113482e-310
  1.49800000e-04   9.58405643e+00  6.90113482e-310
  1.50000000e-04   9.64324039e+00  6.90113482e-310
  1.50100000e-04   9.67407719e+00  6.90113482e-310
  1.50200000e-04   9.70548241e+00  6.90113482e-310
  1.50400000e-04   9.76922046e+00  6.90113482e-310
  1.50500000e-04   9.80188444e+00  6.90113482e-310
  1.50600000e-04   9.83574624e+00  6.90113482e-310
  1.50800000e-04   9.90837351e+00  6.90113482e-310
  1.50900000e-04   9.94707550e+00  6.90113482e-310
  1.51000000e-04   9.98547819e+00  6.90113482e-310
  1.51200000e-04   1.00605809e+01  6.90113482e-310
  1.51300000e-04   1.00979286e+01  6.90113482e-310
  1.51400000e-04   1.01347850e+01  6.90113482e-310
  1.51600000e-04   1.02058757e+01  6.90113482e-310
  1.51700000e-04   1.02402994e+01  6.90113482e-310
  1.51800000e-04   1.02743450e+01  6.90113482e-310
  1.52000000e-04   1.03445043e+01  6.90113482e-310
  1.52100000e-04   1.03804328e+01  6.90113482e-310
  1.52200000e-04   1.04174229e+01  6.90113482e-310
  1.52400000e-04   1.04935441e+01  6.90113482e-310
  1.52500000e-04   1.05343047e+01  6.90113482e-310
  1.52600000e-04   1.05764007e+01  6.90113482e-310
  1.52800000e-04   1.06611546e+01  6.90113482e-310
  1.52900000e-04   1.07027375e+01  6.90113482e-310
  1.53000000e-04   1.07445915e+01  6.90113482e-310
  1.53200000e-04   1.08264060e+01  6.90113482e-310
  1.53300000e-04   1.08671685e+01  6.90113482e-310
  1.53400000e-04   1.09079795e+01  6.90113482e-310
  1.53600000e-04   1.09913288e+01  6.90113482e-310
  1.53700000e-04   1.10339141e+01  6.90113482e-310
  1.53800000e-04   1.10765948e+01  6.90113482e-310
  1.54000000e-04   1.11636078e+01  6.90113482e-310
  1.54100000e-04   1.12079958e+01  6.90113482e-310
  1.54200000e-04   1.12525130e+01  6.90113482e-310
  1.54400000e-04   1.13419453e+01  6.90113482e-310
  1.54500000e-04   1.13869096e+01  6.90113482e-310
  1.54600000e-04   1.14317821e+01  6.90113482e-310
  1.54800000e-04   1.15205760e+01  6.90113482e-310
  1.54900000e-04   1.15648346e+01  6.90113482e-310
  1.55000000e-04   1.16087020e+01  6.90113482e-310
  1.55200000e-04   1.16950818e+01  6.90113482e-310
  1.55300000e-04   1.17385622e+01  6.90113482e-310
  1.55400000e-04   1.17819697e+01  6.90113482e-310
  1.55600000e-04   1.18679442e+01  6.90113482e-310
  1.55700000e-04   1.19112109e+01  6.90113482e-310
  1.55800000e-04   1.19547808e+01  6.90113482e-310
  1.56000000e-04   1.20417797e+01  6.90113482e-310
  1.56100000e-04   1.20856154e+01  6.90113482e-310
  1.56200000e-04   1.21294226e+01  6.90113482e-310
  1.56400000e-04   1.22169243e+01  6.90113482e-310
  1.56500000e-04   1.22610108e+01  6.90113482e-310
  1.56600000e-04   1.23054238e+01  6.90113482e-310
  1.56800000e-04   1.23942024e+01  6.90113482e-310
  1.56900000e-04   1.24389882e+01  6.90113482e-310
  1.57000000e-04   1.24840653e+01  6.90113482e-310
  1.57200000e-04   1.25741448e+01  6.90113482e-310
  1.57300000e-04   1.26191681e+01  6.90113482e-310
  1.57400000e-04   1.26639830e+01  6.90113482e-310
  1.57600000e-04   1.27531510e+01  6.90113482e-310
  1.57700000e-04   1.27983748e+01  6.90113482e-310
  1.57800000e-04   1.28447000e+01  6.90113482e-310
  1.58000000e-04   1.29417488e+01  6.90113482e-310
  1.58100000e-04   1.29928218e+01  6.90113482e-310
  1.58200000e-04   1.30451624e+01  6.90113482e-310
  1.58400000e-04   1.31540496e+01  6.90113482e-310
  1.58500000e-04   1.32105361e+01  6.90113482e-310
  1.58600000e-04   1.32687650e+01  6.90113482e-310
  1.58800000e-04   1.33903070e+01  6.90113482e-310
  1.58900000e-04   1.34528491e+01  6.90113482e-310
  1.59000000e-04   1.35175054e+01  6.90113482e-310
  1.59200000e-04   1.36568394e+01  6.90113482e-310
  1.59300000e-04   1.37313489e+01  6.90113482e-310
  1.59400000e-04   1.38086436e+01  6.90113482e-310
  1.59600000e-04   1.39750775e+01  6.90113482e-310
  1.59700000e-04   1.40660450e+01  6.90113482e-310
  1.59800000e-04   1.41623609e+01  6.90113482e-310
  1.60000000e-04   1.43725128e+01  6.90113482e-310
  1.60100000e-04   1.44864385e+01  6.90113482e-310
  1.60200000e-04   1.46060392e+01  6.90113482e-310
  1.60400000e-04   1.48646437e+01  6.90113482e-310
  1.60500000e-04   1.50040211e+01  6.90113482e-310
  1.60600000e-04   1.51499702e+01  6.90113482e-310
  1.60800000e-04   1.54615695e+01  6.90113482e-310
  1.60900000e-04   1.56261325e+01  6.90113482e-310
  1.61000000e-04   1.57955499e+01  6.90113482e-310
  1.61200000e-04   1.61468282e+01  6.90113482e-310
  1.61300000e-04   1.63271406e+01  6.90113482e-310
  1.61400000e-04   1.65082315e+01  6.90113482e-310
  1.61600000e-04   1.68738897e+01  6.90113482e-310
  1.61700000e-04   1.70588023e+01  6.90113482e-310
  1.61800000e-04   1.72445432e+01  6.90113482e-310
  1.62000000e-04   1.76153268e+01  6.90113482e-310
  1.62100000e-04   1.77989943e+01  6.90113482e-310
  1.62200000e-04   1.79806950e+01  6.90113482e-310
  1.62400000e-04   1.83250421e+01  6.90113482e-310
  1.62500000e-04   1.84918468e+01  6.90113482e-310
  1.62600000e-04   1.86563134e+01  6.90113482e-310
  1.62800000e-04   1.89799591e+01  6.90113482e-310
  1.62900000e-04   1.91271572e+01  6.90113482e-310
  1.63000000e-04   1.92708528e+01  6.90113482e-310
  1.63200000e-04   1.95429042e+01  6.90113482e-310
  1.63300000e-04   1.96811200e+01  6.90113482e-310
  1.63400000e-04   1.98233873e+01  6.90113482e-310
  1.63600000e-04   2.01113837e+01  6.90113482e-310
  1.63700000e-04   2.02584762e+01  6.90113482e-310
  1.63800000e-04   2.04082787e+01  6.90113482e-310
  1.64000000e-04   2.07153765e+01  6.90113482e-310
  1.64100000e-04   2.08742388e+01  6.90113482e-310
  1.64200000e-04   2.10582267e+01  6.90113482e-310
  1.64400000e-04   2.14360632e+01  6.90113482e-310
  1.64500000e-04   2.16327459e+01  6.90113482e-310
  1.64600000e-04   2.18370726e+01  6.90113482e-310
  1.64800000e-04   2.22447459e+01  6.90113482e-310
  1.64900000e-04   2.24513416e+01  6.90113482e-310
  1.65000000e-04   2.26615333e+01  6.90113482e-310
  1.65200000e-04   2.30903706e+01  6.90113482e-310
  1.65300000e-04   2.33068809e+01  6.90113482e-310
  1.65400000e-04   2.35236249e+01  6.90113482e-310
  1.65600000e-04   2.39565427e+01  6.90113482e-310
  1.65700000e-04   2.41727219e+01  6.90113482e-310
  1.65800000e-04   2.43883007e+01  6.90113482e-310
  1.66000000e-04   2.48164750e+01  6.90113482e-310
  1.66100000e-04   2.50297032e+01  6.90113482e-310
  1.66200000e-04   2.52428856e+01  6.90113482e-310
  1.66400000e-04   2.56716593e+01  6.90113482e-310
  1.66500000e-04   2.58867128e+01  6.90113482e-310
  1.66600000e-04   2.61026985e+01  6.90113482e-310
  1.66800000e-04   2.65348716e+01  6.90113482e-310
  1.66900000e-04   2.67498770e+01  6.90113482e-310
  1.67000000e-04   2.69636060e+01  6.90113482e-310
  1.67200000e-04   2.73870672e+01  6.90113482e-310
  1.67300000e-04   2.75975961e+01  6.90113482e-310
  1.67400000e-04   2.78072574e+01  6.90113482e-310
  1.67600000e-04   2.82238804e+01  6.90113482e-310
  1.67700000e-04   2.84323459e+01  6.90113482e-310
  1.67800000e-04   2.86412459e+01  6.90113482e-310
  1.68000000e-04   2.90599263e+01  6.90113482e-310
  1.68100000e-04   2.92698356e+01  6.90113482e-310
  1.68200000e-04   2.94793994e+01  6.90113482e-310
  1.68400000e-04   2.98966373e+01  6.90113482e-310
  1.68500000e-04   3.01034219e+01  6.90113482e-310
  1.68600000e-04   3.03097065e+01  6.90113482e-310
  1.68800000e-04   3.07218434e+01  6.90113482e-310
  1.68900000e-04   3.09277027e+01  6.90113482e-310
  1.69000000e-04   3.11331917e+01  6.90113482e-310
  1.69200000e-04   3.15431658e+01  6.90113482e-310
  1.69300000e-04   3.17467065e+01  6.90113482e-310
  1.69400000e-04   3.19492372e+01  6.90113482e-310
  1.69600000e-04   3.23495265e+01  6.90113482e-310
  1.69700000e-04   3.25454944e+01  6.90113482e-310
  1.69800000e-04   3.27266620e+01  6.90113482e-310
  1.70000000e-04   3.30883896e+01  6.90113482e-310
  1.70100000e-04   3.32746858e+01  6.90113482e-310
  1.70200000e-04   3.34626017e+01  6.90113482e-310
  1.70400000e-04   3.38450042e+01  6.90113482e-310
  1.70500000e-04   3.40361738e+01  6.90113482e-310
  1.70600000e-04   3.42283983e+01  6.90113482e-310
  1.70800000e-04   3.46179137e+01  6.90113482e-310
  1.70900000e-04   3.48159777e+01  6.90113482e-310
  1.71000000e-04   3.50170356e+01  6.90113482e-310
  1.71200000e-04   3.54269943e+01  6.90113482e-310
  1.71300000e-04   3.56343427e+01  6.90113482e-310
  1.71400000e-04   3.58428311e+01  6.90113482e-310
  1.71600000e-04   3.62603716e+01  6.90113482e-310
  1.71700000e-04   3.64679029e+01  6.90113482e-310
  1.71800000e-04   3.66752019e+01  6.90113482e-310
  1.72000000e-04   3.70838395e+01  6.90113482e-310
  1.72100000e-04   3.72814286e+01  6.90113482e-310
  1.72200000e-04   3.74749772e+01  6.90113482e-310
  1.72400000e-04   3.78520709e+01  6.90113482e-310
  1.72500000e-04   3.80350755e+01  6.90113482e-310
  1.72600000e-04   3.82160866e+01  6.90113482e-310
  1.72800000e-04   3.85806290e+01  6.90113482e-310
  1.72900000e-04   3.87653242e+01  6.90113482e-310
  1.73000000e-04   3.89511563e+01  6.90113482e-310
  1.73200000e-04   3.93275499e+01  6.90113482e-310
  1.73300000e-04   3.95159944e+01  6.90113482e-310
  1.73400000e-04   3.97032308e+01  6.90113482e-310
  1.73600000e-04   4.00706412e+01  6.90113482e-310
  1.73700000e-04   4.02504607e+01  6.90113482e-310
  1.73800000e-04   4.04270366e+01  6.90113482e-310
  1.74000000e-04   4.07757597e+01  6.90113482e-310
  1.74100000e-04   4.09488630e+01  6.90113482e-310
  1.74200000e-04   4.11221405e+01  6.90113482e-310
  1.74400000e-04   4.14747887e+01  6.90113482e-310
  1.74500000e-04   4.16623060e+01  6.90113482e-310
  1.74600000e-04   4.18515767e+01  6.90113482e-310
  1.74800000e-04   4.22349877e+01  6.90113482e-310
  1.74900000e-04   4.24284974e+01  6.90113482e-310
  1.75000000e-04   4.26225660e+01  6.90113482e-310
  1.75200000e-04   4.30099043e+01  6.90113482e-310
  1.75300000e-04   4.32027221e+01  6.90113482e-310
  1.75400000e-04   4.33943679e+01  6.90113482e-310
  1.75600000e-04   4.37729390e+01  6.90113482e-310
  1.75700000e-04   4.39583481e+01  6.90113482e-310
  1.75800000e-04   4.41411345e+01  6.90113482e-310
  1.76000000e-04   4.45037746e+01  6.90113482e-310
  1.76100000e-04   4.46843986e+01  6.90113482e-310
  1.76200000e-04   4.48645024e+01  6.90113482e-310
  1.76400000e-04   4.52242601e+01  6.90113482e-310
  1.76500000e-04   4.54023050e+01  6.90113482e-310
  1.76600000e-04   4.55781009e+01  6.90113482e-310
  1.76800000e-04   4.59323571e+01  6.90113482e-310
  1.76900000e-04   4.61088814e+01  6.90113482e-310
  1.77000000e-04   4.62830826e+01  6.90113482e-310
  1.77200000e-04   4.66254504e+01  6.90113482e-310
  1.77300000e-04   4.67942799e+01  6.90113482e-310
  1.77400000e-04   4.69618623e+01  6.90113482e-310
  1.77600000e-04   4.72941436e+01  6.90113482e-310
  1.77700000e-04   4.74590226e+01  6.90113482e-310
  1.77800000e-04   4.76229346e+01  6.90113482e-310
  1.78000000e-04   4.79480964e+01  6.90113482e-310
  1.78100000e-04   4.81091252e+01  6.90113482e-310
  1.78200000e-04   4.82693104e+01  6.90113482e-310
  1.78400000e-04   4.85921757e+01  6.90113482e-310
  1.78500000e-04   4.87594366e+01  6.90113482e-310
  1.78600000e-04   4.89268426e+01  6.90113482e-310
  1.78800000e-04   4.92596510e+01  6.90113482e-310
  1.78900000e-04   4.94258523e+01  6.90113482e-310
  1.79000000e-04   4.95913881e+01  6.90113482e-310
  1.79200000e-04   4.99191598e+01  6.90113482e-310
  1.79300000e-04   5.00813247e+01  6.90113482e-310
  1.79400000e-04   5.02424627e+01  6.90113482e-310
  1.79600000e-04   5.05541071e+01  6.90113482e-310
  1.79700000e-04   5.07005213e+01  6.90113482e-310
  1.79800000e-04   5.08449311e+01  6.90113482e-310
  1.80000000e-04   5.11173062e+01  6.90113482e-310
  1.80100000e-04   5.12548554e+01  6.90113482e-310
  1.80200000e-04   5.13894052e+01  6.90113482e-310
  1.80400000e-04   5.16646357e+01  6.90113482e-310
  1.80500000e-04   5.17999838e+01  6.90113482e-310
  1.80600000e-04   5.19325223e+01  6.90113482e-310
  1.80800000e-04   5.21853913e+01  6.90113482e-310
  1.80900000e-04   5.23074893e+01  6.90113482e-310
  1.81000000e-04   5.24281443e+01  6.90113482e-310
  1.81200000e-04   5.26695723e+01  6.90113482e-310
  1.81300000e-04   5.27984294e+01  6.90113482e-310
  1.81400000e-04   5.29287694e+01  6.90113482e-310
  1.81600000e-04   5.31929152e+01  6.90113482e-310
  1.81700000e-04   5.33259374e+01  6.90113482e-310
  1.81800000e-04   5.34584760e+01  6.90113482e-310
  1.82000000e-04   5.37172123e+01  6.90113482e-310
  1.82100000e-04   5.38436544e+01  6.90113482e-310
  1.82200000e-04   5.39683695e+01  6.90113482e-310
  1.82400000e-04   5.42122761e+01  6.90113482e-310
  1.82500000e-04   5.43299825e+01  6.90113482e-310
  1.82600000e-04   5.44463452e+01  6.90113482e-310
  1.82800000e-04   5.46623649e+01  6.90113482e-310
  1.82900000e-04   5.47649187e+01  6.90113482e-310
  1.83000000e-04   5.48763376e+01  6.90113482e-310
  1.83200000e-04   5.51045945e+01  6.90113482e-310
  1.83300000e-04   5.52178674e+01  6.90113482e-310
  1.83400000e-04   5.53336826e+01  6.90113482e-310
  1.83600000e-04   5.55639752e+01  6.90113482e-310
  1.83700000e-04   5.56800980e+01  6.90113482e-310
  1.83800000e-04   5.57965860e+01  6.90113482e-310
  1.84000000e-04   5.60302351e+01  6.90113482e-310
  1.84100000e-04   5.61468309e+01  6.90113482e-310
  1.84200000e-04   5.62623702e+01  6.90113482e-310
  1.84400000e-04   5.64850673e+01  6.90113482e-310
  1.84500000e-04   5.65943731e+01  6.90113482e-310
  1.84600000e-04   5.67028074e+01  6.90113482e-310
  1.84800000e-04   5.69149684e+01  6.90113482e-310
  1.84900000e-04   5.70181135e+01  6.90113482e-310
  1.85000000e-04   5.71186502e+01  6.90113482e-310
  1.85200000e-04   5.73386820e+01  6.90113482e-310
  1.85300000e-04   5.74474874e+01  6.90113482e-310
  1.85400000e-04   5.75557600e+01  6.90113482e-310
  1.85600000e-04   5.77706772e+01  6.90113482e-310
  1.85700000e-04   5.78788279e+01  6.90113482e-310
  1.85800000e-04   5.79898474e+01  6.90113482e-310
  1.86000000e-04   5.82086477e+01  6.90113482e-310
  1.86100000e-04   5.83164849e+01  6.90113482e-310
  1.86200000e-04   5.84232506e+01  6.90113482e-310
  1.86400000e-04   5.86335434e+01  6.90113482e-310
  1.86500000e-04   5.87370364e+01  6.90113482e-310
  1.86600000e-04   5.88394172e+01  6.90113482e-310
  1.86800000e-04   5.90409760e+01  6.90113482e-310
  1.86900000e-04   5.91425361e+01  6.90113482e-310
  1.87000000e-04   5.92426957e+01  6.90113482e-310
  1.87200000e-04   5.94383672e+01  6.90113482e-310
  1.87300000e-04   5.95344713e+01  6.90113482e-310
  1.87400000e-04   5.96303306e+01  6.90113482e-310
  1.87600000e-04   5.98203203e+01  6.90113482e-310
  1.87700000e-04   5.99142799e+01  6.90113482e-310
  1.87800000e-04   6.00077353e+01  6.90113482e-310
  1.88000000e-04   6.01924352e+01  6.90113482e-310
  1.88100000e-04   6.02839794e+01  6.90113482e-310
  1.88200000e-04   6.03752515e+01  6.90113482e-310
  1.88400000e-04   6.05557980e+01  6.90113482e-310
  1.88500000e-04   6.06452514e+01  6.90113482e-310
  1.88600000e-04   6.07342793e+01  6.90113482e-310
  1.88800000e-04   6.09126587e+01  6.90113482e-310
  1.88900000e-04   6.10021153e+01  6.90113482e-310
  1.89000000e-04   6.10987629e+01  6.90113482e-310
  1.89200000e-04   6.12956212e+01  6.90113482e-310
  1.89300000e-04   6.13939061e+01  6.90113482e-310
  1.89400000e-04   6.14923655e+01  6.90113482e-310
  1.89600000e-04   6.16901775e+01  6.90113482e-310
  1.89700000e-04   6.17906838e+01  6.90113482e-310
  1.89800000e-04   6.18927076e+01  6.90113482e-310
  1.90000000e-04   6.21022626e+01  6.90113482e-310
  1.90100000e-04   6.22097671e+01  6.90113482e-310
  1.90200000e-04   6.23206766e+01  6.90113482e-310
  1.90400000e-04   6.25503248e+01  6.90113482e-310
  1.90500000e-04   6.26671334e+01  6.90113482e-310
  1.90600000e-04   6.27851396e+01  6.90113482e-310
  1.90800000e-04   6.30239561e+01  6.90113482e-310
  1.90900000e-04   6.31430173e+01  6.90113482e-310
  1.91000000e-04   6.32612549e+01  6.90113482e-310
  1.91200000e-04   6.34935297e+01  6.90113482e-310
  1.91300000e-04   6.36070856e+01  6.90113482e-310
  1.91400000e-04   6.37186737e+01  6.90113482e-310
  1.91600000e-04   6.39448493e+01  6.90113482e-310
  1.91700000e-04   6.40588464e+01  6.90113482e-310
  1.91800000e-04   6.41720938e+01  6.90113482e-310
  1.92000000e-04   6.44057426e+01  6.90113482e-310
  1.92100000e-04   6.45283096e+01  6.90113482e-310
  1.92200000e-04   6.46508615e+01  6.90113482e-310
  1.92400000e-04   6.48965036e+01  6.90113482e-310
  1.92500000e-04   6.50197597e+01  6.90113482e-310
  1.92600000e-04   6.51433172e+01  6.90113482e-310
  1.92800000e-04   6.53891118e+01  6.90113482e-310
  1.92900000e-04   6.55106977e+01  6.90113482e-310
  1.93000000e-04   6.56307447e+01  6.90113482e-310
  1.93200000e-04   6.58645047e+01  6.90113482e-310
  1.93300000e-04   6.59785747e+01  6.90113482e-310
  1.93400000e-04   6.60909422e+01  6.90113482e-310
  1.93600000e-04   6.63181687e+01  6.90113482e-310
  1.93700000e-04   6.64369914e+01  6.90113482e-310
  1.93800000e-04   6.65532670e+01  6.90113482e-310
  1.94000000e-04   6.67781328e+01  6.90113482e-310
  1.94100000e-04   6.68868703e+01  6.90113482e-310
  1.94200000e-04   6.69933952e+01  6.90113482e-310
  1.94400000e-04   6.72005093e+01  6.90113482e-310
  1.94500000e-04   6.73036495e+01  6.90113482e-310
  1.94600000e-04   6.74055958e+01  6.90113482e-310
  1.94800000e-04   6.76065094e+01  6.90113482e-310
  1.94900000e-04   6.77041580e+01  6.90113482e-310
  1.95000000e-04   6.77995421e+01  6.90113482e-310
  1.95200000e-04   6.79853131e+01  6.90113482e-310
  1.95300000e-04   6.80751601e+01  6.90113482e-310
  1.95400000e-04   6.81631386e+01  6.90113482e-310
  1.95600000e-04   6.83396324e+01  6.90113482e-310
  1.95700000e-04   6.84253910e+01  6.90113482e-310
  1.95800000e-04   6.85094268e+01  6.90113482e-310
  1.96000000e-04   6.86723029e+01  6.90113482e-310
  1.96100000e-04   6.87519041e+01  6.90113482e-310
  1.96200000e-04   6.88300549e+01  6.90113482e-310
  1.96400000e-04   6.89780797e+01  6.90113482e-310
  1.96500000e-04   6.90481501e+01  6.90113482e-310
  1.96600000e-04   6.91152362e+01  6.90113482e-310
  1.96800000e-04   6.92494568e+01  6.90113482e-310
  1.96900000e-04   6.93141226e+01  6.90113482e-310
  1.97000000e-04   6.93767499e+01  6.90113482e-310
  1.97200000e-04   6.94960396e+01  6.90113482e-310
  1.97300000e-04   6.95526236e+01  6.90113482e-310
  1.97400000e-04   6.96075847e+01  6.90113482e-310
  1.97600000e-04   6.97119217e+01  6.90113482e-310
  1.97700000e-04   6.97628073e+01  6.90113482e-310
  1.97800000e-04   6.98123073e+01  6.90113482e-310
  1.98000000e-04   6.99069607e+01  6.90113482e-310
  1.98100000e-04   6.99520112e+01  6.90113482e-310
  1.98200000e-04   6.99958528e+01  6.90113482e-310
  1.98400000e-04   7.00802899e+01  6.90113482e-310
  1.98500000e-04   7.01221458e+01  6.90113482e-310
  1.98600000e-04   7.01640107e+01  6.90113482e-310
  1.98800000e-04   7.02485708e+01  6.90113482e-310
  1.98900000e-04   7.02908765e+01  6.90113482e-310
  1.99000000e-04   7.03329329e+01  6.90113482e-310
  1.99200000e-04   7.04175716e+01  6.90113482e-310
  1.99300000e-04   7.04595085e+01  6.90113482e-310
  1.99400000e-04   7.05022692e+01  6.90113482e-310
  1.99600000e-04   7.05873009e+01  6.90113482e-310
  1.99700000e-04   7.06263555e+01  6.90113482e-310
  1.99800000e-04   7.06643636e+01  6.90113482e-310
  2.00000000e-04   7.07539620e+01  6.90113482e-310
  2.00100000e-04   7.07956583e+01  6.90113482e-310
  2.00200000e-04   7.08346783e+01  6.90113482e-310
  2.00400000e-04   7.09055851e+01  6.90113482e-310
  2.00500000e-04   7.09376811e+01  6.90113482e-310
  2.00600000e-04   7.09673651e+01  6.90113482e-310
  2.00800000e-04   7.10229625e+01  6.90113482e-310
  2.00900000e-04   7.10482503e+01  6.90113482e-310
  2.01000000e-04   7.10773307e+01  6.90113482e-310
  2.01200000e-04   7.11313453e+01  6.90113482e-310
  2.01300000e-04   7.11579568e+01  6.90113482e-310
  2.01400000e-04   7.11846899e+01  6.90113482e-310
  2.01600000e-04   7.12383062e+01  6.90113482e-310
  2.01700000e-04   7.12649432e+01  6.90113482e-310
  2.01800000e-04   7.12912683e+01  6.90113482e-310
  2.02000000e-04   7.13451090e+01  6.90113482e-310
  2.02100000e-04   7.13720063e+01  6.90113482e-310
  2.02200000e-04   7.13993414e+01  6.90113482e-310
  2.02400000e-04   7.14568946e+01  6.90113482e-310
  2.02500000e-04   7.14857883e+01  6.90113482e-310
  2.02600000e-04   7.15142271e+01  6.90113482e-310
  2.02800000e-04   7.15714713e+01  6.90113482e-310
  2.02900000e-04   7.15996784e+01  6.90113482e-310
  2.03000000e-04   7.16269892e+01  6.90113482e-310
  2.03200000e-04   7.16805996e+01  6.90113482e-310
  2.03300000e-04   7.17061629e+01  6.90113482e-310
  2.03400000e-04   7.17310555e+01  6.90113482e-310
  2.03600000e-04   7.17806883e+01  6.90113482e-310
  2.03700000e-04   7.18051148e+01  6.90113482e-310
  2.03800000e-04   7.18292527e+01  6.90113482e-310
  2.04000000e-04   7.18757575e+01  6.90113482e-310
  2.04100000e-04   7.18983829e+01  6.90113482e-310
  2.04200000e-04   7.19218088e+01  6.90113482e-310
  2.04400000e-04   7.19691399e+01  6.90113482e-310
  2.04500000e-04   7.19944745e+01  6.90113482e-310
  2.04600000e-04   7.20194533e+01  6.90113482e-310
  2.04800000e-04   7.20694538e+01  6.90113482e-310
  2.04900000e-04   7.20949552e+01  6.90113482e-310
  2.05000000e-04   7.21197086e+01  6.90113482e-310
  2.05200000e-04   7.21685220e+01  6.90113482e-310
  2.05300000e-04   7.21923011e+01  6.90113482e-310
  2.05400000e-04   7.22152738e+01  6.90113482e-310
  2.05600000e-04   7.22632916e+01  6.90113482e-310
  2.05700000e-04   7.22870910e+01  6.90113482e-310
  2.05800000e-04   7.23110826e+01  6.90113482e-310
  2.06000000e-04   7.23633453e+01  6.90113482e-310
  2.06100000e-04   7.23907977e+01  6.90113482e-310
  2.06200000e-04   7.24178979e+01  6.90113482e-310
  2.06400000e-04   7.24698347e+01  6.90113482e-310
  2.06500000e-04   7.24961672e+01  6.90113482e-310
  2.06600000e-04   7.25217917e+01  6.90113482e-310
  2.06800000e-04   7.25720975e+01  6.90113482e-310
  2.06900000e-04   7.25971532e+01  6.90113482e-310
  2.07000000e-04   7.26231587e+01  6.90113482e-310
  2.07200000e-04   7.26782133e+01  6.90113482e-310
  2.07300000e-04   7.27100238e+01  6.90113482e-310
  2.07400000e-04   7.27430133e+01  6.90113482e-310
  2.07600000e-04   7.28096458e+01  6.90113482e-310
  2.07700000e-04   7.28418145e+01  6.90113482e-310
  2.07800000e-04   7.28754251e+01  6.90113482e-310
  2.08000000e-04   7.29414249e+01  6.90113482e-310
  2.08100000e-04   7.29737417e+01  6.90113482e-310
  2.08200000e-04   7.30055398e+01  6.90113482e-310
  2.08400000e-04   7.30678534e+01  6.90113482e-310
  2.08500000e-04   7.30997380e+01  6.90113482e-310
  2.08600000e-04   7.31312938e+01  6.90113482e-310
  2.08800000e-04   7.31946120e+01  6.90113482e-310
  2.08900000e-04   7.32278273e+01  6.90113482e-310
  2.09000000e-04   7.32611049e+01  6.90113482e-310
  2.09200000e-04   7.33266001e+01  6.90113482e-310
  2.09300000e-04   7.33598120e+01  6.90113482e-310
  2.09400000e-04   7.33932390e+01  6.90113482e-310
  2.09600000e-04   7.34592516e+01  6.90113482e-310
  2.09700000e-04   7.34925504e+01  6.90113482e-310
  2.09800000e-04   7.35255104e+01  6.90113482e-310
  2.10000000e-04   7.35914412e+01  6.90113482e-310
  2.10100000e-04   7.36234805e+01  6.90113482e-310
  2.10200000e-04   7.36547826e+01  6.90113482e-310
  2.10400000e-04   7.37198374e+01  6.90113482e-310
  2.10500000e-04   7.37526105e+01  6.90113482e-310
  2.10600000e-04   7.37857093e+01  6.90113482e-310
  2.10800000e-04   7.38545598e+01  6.90113482e-310
  2.10900000e-04   7.38904434e+01  6.90113482e-310
  2.11000000e-04   7.39277037e+01  6.90113482e-310
  2.11200000e-04   7.40114460e+01  6.90113482e-310
  2.11300000e-04   7.40635341e+01  6.90113482e-310
  2.11400000e-04   7.41281680e+01  6.90113482e-310
  2.11600000e-04   7.42855440e+01  6.90113482e-310
  2.11700000e-04   7.43651071e+01  6.90113482e-310
  2.11800000e-04   7.44430843e+01  6.90113482e-310
  2.12000000e-04   7.45915405e+01  6.90113482e-310
  2.12100000e-04   7.46555197e+01  6.90113482e-310
  2.12200000e-04   7.47157372e+01  6.90113482e-310
  2.12400000e-04   7.48364005e+01  6.90113482e-310
  2.12500000e-04   7.48967948e+01  6.90113482e-310
  2.12600000e-04   7.49562446e+01  6.90113482e-310
  2.12800000e-04   7.50707232e+01  6.90113482e-310
  2.12900000e-04   7.51251288e+01  6.90113482e-310
  2.13000000e-04   7.51784436e+01  6.90113482e-310
  2.13200000e-04   7.52844363e+01  6.90113482e-310
  2.13300000e-04   7.53387148e+01  6.90113482e-310
  2.13400000e-04   7.53934689e+01  6.90113482e-310
  2.13600000e-04   7.55111269e+01  6.90113482e-310
  2.13700000e-04   7.55731555e+01  6.90113482e-310
  2.13800000e-04   7.56388174e+01  6.90113482e-310
  2.14000000e-04   7.57848621e+01  6.90113482e-310
  2.14100000e-04   7.58645033e+01  6.90113482e-310
  2.14200000e-04   7.59512852e+01  6.90113482e-310
  2.14400000e-04   7.61387339e+01  6.90113482e-310
  2.14500000e-04   7.62318233e+01  6.90113482e-310
  2.14600000e-04   7.63234635e+01  6.90113482e-310
  2.14800000e-04   7.65052956e+01  6.90113482e-310
  2.14900000e-04   7.65957641e+01  6.90113482e-310
  2.15000000e-04   7.66821101e+01  6.90113482e-310
  2.15200000e-04   7.68582377e+01  6.90113482e-310
  2.15300000e-04   7.69515725e+01  6.90113482e-310
  2.15400000e-04   7.70473674e+01  6.90113482e-310
  2.15600000e-04   7.72525051e+01  6.90113482e-310
  2.15700000e-04   7.73625161e+01  6.90113482e-310
  2.15800000e-04   7.74767553e+01  6.90113482e-310
  2.16000000e-04   7.77104902e+01  6.90113482e-310
  2.16100000e-04   7.78326705e+01  6.90113482e-310
  2.16200000e-04   7.79565480e+01  6.90113482e-310
  2.16400000e-04   7.82065813e+01  6.90113482e-310
  2.16500000e-04   7.83281369e+01  6.90113482e-310
  2.16600000e-04   7.84496315e+01  6.90113482e-310
  2.16800000e-04   7.86928122e+01  6.90113482e-310
  2.16900000e-04   7.88165964e+01  6.90113482e-310
  2.17000000e-04   7.89420435e+01  6.90113482e-310
  2.17200000e-04   7.91933712e+01  6.90113482e-310
  2.17300000e-04   7.93224605e+01  6.90113482e-310
  2.17400000e-04   7.94560140e+01  6.90113482e-310
  2.17600000e-04   7.97357960e+01  6.90113482e-310
  2.17700000e-04   7.98803358e+01  6.90113482e-310
  2.17800000e-04   8.00275343e+01  6.90113482e-310
  2.18000000e-04   8.03430005e+01  6.90113482e-310
  2.18100000e-04   8.04965480e+01  6.90113482e-310
  2.18200000e-04   8.06464998e+01  6.90113482e-310
  2.18400000e-04   8.09439627e+01  6.90113482e-310
  2.18500000e-04   8.10896174e+01  6.90113482e-310
  2.18600000e-04   8.12413462e+01  6.90113482e-310
  2.18800000e-04   8.15379101e+01  6.90113482e-310
  2.18900000e-04   8.16830289e+01  6.90113482e-310
  2.19000000e-04   8.18257229e+01  6.90113482e-310
  2.19200000e-04   8.21328514e+01  6.90113482e-310
  2.19300000e-04   8.22850218e+01  6.90113482e-310
  2.19400000e-04   8.24417934e+01  6.90113482e-310
  2.19600000e-04   8.27753935e+01  6.90113482e-310
  2.19700000e-04   8.29429643e+01  6.90113482e-310
  2.19800000e-04   8.31073253e+01  6.90113482e-310
  2.20000000e-04   8.34469665e+01  6.90113482e-310
  2.20100000e-04   8.36219046e+01  6.90113482e-310
  2.20200000e-04   8.37970608e+01  6.90113482e-310
  2.20400000e-04   8.41309224e+01  6.90113482e-310
  2.20500000e-04   8.43016617e+01  6.90113482e-310
  2.20600000e-04   8.44751285e+01  6.90113482e-310
  2.20800000e-04   8.48190259e+01  6.90113482e-310
  2.20900000e-04   8.49808313e+01  6.90113482e-310
  2.21000000e-04   8.51323176e+01  6.90113482e-310
  2.21200000e-04   8.54114918e+01  6.90113482e-310
  2.21300000e-04   8.55462122e+01  6.90113482e-310
  2.21400000e-04   8.56774916e+01  6.90113482e-310
  2.21600000e-04   8.59308861e+01  6.90113482e-310
  2.21700000e-04   8.60556791e+01  6.90113482e-310
  2.21800000e-04   8.61859784e+01  6.90113482e-310
  2.22000000e-04   8.64364747e+01  6.90113482e-310
  2.22100000e-04   8.65616634e+01  6.90113482e-310
  2.22200000e-04   8.66867704e+01  6.90113482e-310
  2.22400000e-04   8.69313356e+01  6.90113482e-310
  2.22500000e-04   8.70577373e+01  6.90113482e-310
  2.22600000e-04   8.71806683e+01  6.90113482e-310
  2.22800000e-04   8.74155175e+01  6.90113482e-310
  2.22900000e-04   8.75344672e+01  6.90113482e-310
  2.23000000e-04   8.76527177e+01  6.90113482e-310
  2.23200000e-04   8.78895837e+01  6.90113482e-310
  2.23300000e-04   8.80054002e+01  6.90113482e-310
  2.23400000e-04   8.81204749e+01  6.90113482e-310
  2.23600000e-04   8.83521783e+01  6.90113482e-310
  2.23700000e-04   8.84718518e+01  6.90113482e-310
  2.23800000e-04   8.85916454e+01  6.90113482e-310
  2.24000000e-04   8.88213986e+01  6.90113482e-310
  2.24100000e-04   8.89314856e+01  6.90113482e-310
  2.24200000e-04   8.90396168e+01  6.90113482e-310
  2.24400000e-04   8.92560174e+01  6.90113482e-310
  2.24500000e-04   8.93671533e+01  6.90113482e-310
  2.24600000e-04   8.94784665e+01  6.90113482e-310
  2.24800000e-04   8.96999133e+01  6.90113482e-310
  2.24900000e-04   8.98117110e+01  6.90113482e-310
  2.25000000e-04   8.99220336e+01  6.90113482e-310
  2.25200000e-04   9.01480079e+01  6.90113482e-310
  2.25300000e-04   9.02598172e+01  6.90113482e-310
  2.25400000e-04   9.03727490e+01  6.90113482e-310
  2.25600000e-04   9.05918816e+01  6.90113482e-310
  2.25700000e-04   9.06988112e+01  6.90113482e-310
  2.25800000e-04   9.08061170e+01  6.90113482e-310
  2.26000000e-04   9.10347631e+01  6.90113482e-310
  2.26100000e-04   9.11512020e+01  6.90113482e-310
  2.26200000e-04   9.12686516e+01  6.90113482e-310
  2.26400000e-04   9.15074406e+01  6.90113482e-310
  2.26500000e-04   9.16246538e+01  6.90113482e-310
  2.26600000e-04   9.17413275e+01  6.90113482e-310
  2.26800000e-04   9.19630466e+01  6.90113482e-310
  2.26900000e-04   9.20714842e+01  6.90113482e-310
  2.27000000e-04   9.21798779e+01  6.90113482e-310
  2.27200000e-04   9.24010136e+01  6.90113482e-310
  2.27300000e-04   9.25155222e+01  6.90113482e-310
  2.27400000e-04   9.26286898e+01  6.90113482e-310
  2.27600000e-04   9.28472908e+01  6.90113482e-310
  2.27700000e-04   9.29514698e+01  6.90113482e-310
  2.27800000e-04   9.30569583e+01  6.90113482e-310
  2.28000000e-04   9.32683711e+01  6.90113482e-310
  2.28100000e-04   9.33746662e+01  6.90113482e-310
  2.28200000e-04   9.34818790e+01  6.90113482e-310
  2.28400000e-04   9.37030200e+01  6.90113482e-310
  2.28500000e-04   9.38180739e+01  6.90113482e-310
  2.28600000e-04   9.39331890e+01  6.90113482e-310
  2.28800000e-04   9.41606294e+01  6.90113482e-310
  2.28900000e-04   9.42725001e+01  6.90113482e-310
  2.29000000e-04   9.43877782e+01  6.90113482e-310
  2.29200000e-04   9.46212585e+01  6.90113482e-310
  2.29300000e-04   9.47383445e+01  6.90113482e-310
  2.29400000e-04   9.48561349e+01  6.90113482e-310
  2.29600000e-04   9.50969700e+01  6.90113482e-310
  2.29700000e-04   9.52186586e+01  6.90113482e-310
  2.29800000e-04   9.53390158e+01  6.90113482e-310
  2.30000000e-04   9.55727385e+01  6.90113482e-310
  2.30100000e-04   9.56873915e+01  6.90113482e-310
  2.30200000e-04   9.58008179e+01  6.90113482e-310
  2.30400000e-04   9.60329588e+01  6.90113482e-310
  2.30500000e-04   9.61508876e+01  6.90113482e-310
  2.30600000e-04   9.62699066e+01  6.90113482e-310
  2.30800000e-04   9.65061249e+01  6.90113482e-310
  2.30900000e-04   9.66240781e+01  6.90113482e-310
  2.31000000e-04   9.67424996e+01  6.90113482e-310
  2.31200000e-04   9.69783256e+01  6.90113482e-310
  2.31300000e-04   9.70955255e+01  6.90113482e-310
  2.31400000e-04   9.72122073e+01  6.90113482e-310
  2.31600000e-04   9.74496335e+01  6.90113482e-310
  2.31700000e-04   9.75706826e+01  6.90113482e-310
  2.31800000e-04   9.76926715e+01  6.90113482e-310
  2.32000000e-04   9.79334603e+01  6.90113482e-310
  2.32100000e-04   9.80504374e+01  6.90113482e-310
  2.32200000e-04   9.81666910e+01  6.90113482e-310
  2.32400000e-04   9.83966411e+01  6.90113482e-310
  2.32500000e-04   9.85120305e+01  6.90113482e-310
  2.32600000e-04   9.86303202e+01  6.90113482e-310
  2.32800000e-04   9.88749696e+01  6.90113482e-310
  2.32900000e-04   9.89952118e+01  6.90113482e-310
  2.33000000e-04   9.91130662e+01  6.90113482e-310
  2.33200000e-04   9.93475960e+01  6.90113482e-310
  2.33300000e-04   9.94653225e+01  6.90113482e-310
  2.33400000e-04   9.95836801e+01  6.90113482e-310
  2.33600000e-04   9.98208620e+01  6.90113482e-310
  2.33700000e-04   9.99404501e+01  6.90113482e-310
  2.33800000e-04   1.00060263e+02  6.90113482e-310
  2.34000000e-04   1.00309106e+02  6.90113482e-310
  2.34100000e-04   1.00431972e+02  6.90113482e-310
  2.34200000e-04   1.00556730e+02  6.90113482e-310
  2.34400000e-04   1.00809244e+02  6.90113482e-310
  2.34500000e-04   1.00939075e+02  6.90113482e-310
  2.34600000e-04   1.01070465e+02  6.90113482e-310
  2.34800000e-04   1.01343323e+02  6.90113482e-310
  2.34900000e-04   1.01479407e+02  6.90113482e-310
  2.35000000e-04   1.01615754e+02  6.90113482e-310
  2.35200000e-04   1.01887833e+02  6.90113482e-310
  2.35300000e-04   1.02023607e+02  6.90113482e-310
  2.35400000e-04   1.02160684e+02  6.90113482e-310
  2.35600000e-04   1.02442587e+02  6.90113482e-310
  2.35700000e-04   1.02586183e+02  6.90113482e-310
  2.35800000e-04   1.02729845e+02  6.90113482e-310
  2.36000000e-04   1.03022261e+02  6.90113482e-310
  2.36100000e-04   1.03168662e+02  6.90113482e-310
  2.36200000e-04   1.03314138e+02  6.90113482e-310
  2.36400000e-04   1.03610176e+02  6.90113482e-310
  2.36500000e-04   1.03757540e+02  6.90113482e-310
  2.36600000e-04   1.03902594e+02  6.90113482e-310
  2.36800000e-04   1.04201615e+02  6.90113482e-310
  2.36900000e-04   1.04354199e+02  6.90113482e-310
  2.37000000e-04   1.04508243e+02  6.90113482e-310
  2.37200000e-04   1.04818852e+02  6.90113482e-310
  2.37300000e-04   1.04976295e+02  6.90113482e-310
  2.37400000e-04   1.05134209e+02  6.90113482e-310
  2.37600000e-04   1.05450720e+02  6.90113482e-310
  2.37700000e-04   1.05608876e+02  6.90113482e-310
  2.37800000e-04   1.05765163e+02  6.90113482e-310
  2.38000000e-04   1.06069093e+02  6.90113482e-310
  2.38100000e-04   1.06220953e+02  6.90113482e-310
  2.38200000e-04   1.06374608e+02  6.90113482e-310
  2.38400000e-04   1.06686917e+02  6.90113482e-310
  2.38500000e-04   1.06846632e+02  6.90113482e-310
  2.38600000e-04   1.07008523e+02  6.90113482e-310
  2.38800000e-04   1.07339475e+02  6.90113482e-310
  2.38900000e-04   1.07507198e+02  6.90113482e-310
  2.39000000e-04   1.07674708e+02  6.90113482e-310
  2.39200000e-04   1.08006170e+02  6.90113482e-310
  2.39300000e-04   1.08168439e+02  6.90113482e-310
  2.39400000e-04   1.08329280e+02  6.90113482e-310
  2.39600000e-04   1.08647184e+02  6.90113482e-310
  2.39700000e-04   1.08801340e+02  6.90113482e-310
  2.39800000e-04   1.08953740e+02  6.90113482e-310
  2.40000000e-04   1.09256055e+02  6.90113482e-310
  2.40100000e-04   1.09409266e+02  6.90113482e-310
  2.40200000e-04   1.09563926e+02  6.90113482e-310
  2.40400000e-04   1.09879970e+02  6.90113482e-310
  2.40500000e-04   1.10041730e+02  6.90113482e-310
  2.40600000e-04   1.10205342e+02  6.90113482e-310
  2.40800000e-04   1.10533108e+02  6.90113482e-310
  2.40900000e-04   1.10698498e+02  6.90113482e-310
  2.41000000e-04   1.10866954e+02  6.90113482e-310
  2.41200000e-04   1.11223976e+02  6.90113482e-310
  2.41300000e-04   1.11409270e+02  6.90113482e-310
  2.41400000e-04   1.11602224e+02  6.90113482e-310
  2.41600000e-04   1.12005761e+02  6.90113482e-310
  2.41700000e-04   1.12208377e+02  6.90113482e-310
  2.41800000e-04   1.12409723e+02  6.90113482e-310
  2.42000000e-04   1.12813731e+02  6.90113482e-310
  2.42100000e-04   1.13017849e+02  6.90113482e-310
  2.42200000e-04   1.13226503e+02  6.90113482e-310
  2.42400000e-04   1.13657178e+02  6.90113482e-310
  2.42500000e-04   1.13877354e+02  6.90113482e-310
  2.42600000e-04   1.14100796e+02  6.90113482e-310
  2.42800000e-04   1.14562844e+02  6.90113482e-310
  2.42900000e-04   1.14802874e+02  6.90113482e-310
  2.43000000e-04   1.15045216e+02  6.90113482e-310
  2.43200000e-04   1.15539641e+02  6.90113482e-310
  2.43300000e-04   1.15794634e+02  6.90113482e-310
  2.43400000e-04   1.16056721e+02  6.90113482e-310
  2.43600000e-04   1.16608330e+02  6.90113482e-310
  2.43700000e-04   1.16897501e+02  6.90113482e-310
  2.43800000e-04   1.17195663e+02  6.90113482e-310
  2.44000000e-04   1.17818577e+02  6.90113482e-310
  2.44100000e-04   1.18144351e+02  6.90113482e-310
  2.44200000e-04   1.18481129e+02  6.90113482e-310
  2.44400000e-04   1.19183511e+02  6.90113482e-310
  2.44500000e-04   1.19548318e+02  6.90113482e-310
  2.44600000e-04   1.19921121e+02  6.90113482e-310
  2.44800000e-04   1.20694300e+02  6.90113482e-310
  2.44900000e-04   1.21091535e+02  6.90113482e-310
  2.45000000e-04   1.21497440e+02  6.90113482e-310
  2.45200000e-04   1.22329591e+02  6.90113482e-310
  2.45300000e-04   1.22750836e+02  6.90113482e-310
  2.45400000e-04   1.23174869e+02  6.90113482e-310
  2.45600000e-04   1.24026360e+02  6.90113482e-310
  2.45700000e-04   1.24450265e+02  6.90113482e-310
  2.45800000e-04   1.24872911e+02  6.90113482e-310
  2.46000000e-04   1.25708124e+02  6.90113482e-310
  2.46100000e-04   1.26119736e+02  6.90113482e-310
  2.46200000e-04   1.26528957e+02  6.90113482e-310
  2.46400000e-04   1.27346483e+02  6.90113482e-310
  2.46500000e-04   1.27758035e+02  6.90113482e-310
  2.46600000e-04   1.28172652e+02  6.90113482e-310
  2.46800000e-04   1.29011463e+02  6.90113482e-310
  2.46900000e-04   1.29435521e+02  6.90113482e-310
  2.47000000e-04   1.29861260e+02  6.90113482e-310
  2.47200000e-04   1.30715250e+02  6.90113482e-310
  2.47300000e-04   1.31144218e+02  6.90113482e-310
  2.47400000e-04   1.31574921e+02  6.90113482e-310
  2.47600000e-04   1.32432811e+02  6.90113482e-310
  2.47700000e-04   1.32857139e+02  6.90113482e-310
  2.47800000e-04   1.33276192e+02  6.90113482e-310
  2.48000000e-04   1.34097076e+02  6.90113482e-310
  2.48100000e-04   1.34497458e+02  6.90113482e-310
  2.48200000e-04   1.34889762e+02  6.90113482e-310
  2.48400000e-04   1.35653875e+02  6.90113482e-310
  2.48500000e-04   1.36024681e+02  6.90113482e-310
  2.48600000e-04   1.36388804e+02  6.90113482e-310
  2.48800000e-04   1.37105469e+02  6.90113482e-310
  2.48900000e-04   1.37459752e+02  6.90113482e-310
  2.49000000e-04   1.37814174e+02  6.90113482e-310
  2.49200000e-04   1.38527402e+02  6.90113482e-310
  2.49300000e-04   1.38887910e+02  6.90113482e-310
  2.49400000e-04   1.39250461e+02  6.90113482e-310
  2.49600000e-04   1.39992131e+02  6.90113482e-310
  2.49700000e-04   1.40369107e+02  6.90113482e-310
  2.49800000e-04   1.40751492e+02  6.90113482e-310
  2.50000000e-04   1.41531393e+02  6.90113482e-310
